1.0
1.0
1.0
1.0
1.0
1.0
1.0
1.0
1.0
1.0
1.0
1.0
1.0
1.0
1.0
1.0
1.0
1.0
1.0
1.0
1.0
1.0
1.0
1.0
1.0
1.0
1.0
1.0
1.0
1.0
1.0
1.0
1.0
1.0
1.0
1.0
1.0
1.0
1.0
1.0
1.0
1.0
1.0
1.0
1.0
1.0
1.0
1.0
1.0
1.0
1.0
1.0
1.0
1.0
1.0
1.0
1.0
1.0
1.0
1.0
1.0
1.0
1.0
1.0
1.0
1.0
1.0
1.0
1.0
1.0
1.0
1.0
1.0
1.0
1.0
1.0
1.0
1.0
1.0
1.0
1.0
1.0
1.0
1.0
1.0
1.0
1.0
1.0
1.0
1.0
1.0
1.0
1.0
1.0
1.0
1.0
1.0
0.9917695473251029
0.9917695473251029
0.9917695473251029
0.9917695473251029
0.9917695473251029
0.9917695473251029
0.9917695473251029
0.9917695473251029
0.9917695473251029
0.9917695473251029
0.9917695473251029
0.9917695473251029
0.9917695473251029
0.9917695473251029
0.9917695473251029
0.9917695473251029
0.9917695473251029
0.9917695473251029
0.9917695473251029
0.9917695473251029
0.9917695473251029
0.9917695473251029
0.9917695473251029
0.9917695473251029
0.9917695473251029
0.9917695473251029
0.9917695473251029
0.9917695473251029
0.9917695473251029
0.9917695473251029
0.9917695473251029
0.9917695473251029
0.9917695473251029
0.9917695473251029
0.9917695473251029
0.9917695473251029
0.9917695473251029
0.9917695473251029
0.9917695473251029
0.9917695473251029
0.9917695473251029
0.9917695473251029
0.9917695473251029
0.9917695473251029
0.9917695473251029
0.9917695473251029
0.9917695473251029
0.9917695473251029
0.9917695473251029
0.9917695473251029
0.9917695473251029
0.9917695473251029
0.9917695473251029
0.9917695473251029
0.9917695473251029
0.9917695473251029
0.9917695473251029
0.9917695473251029
0.9917695473251029
0.9917695473251029
0.9917695473251029
0.9917695473251029
0.9917695473251029
0.9917695473251029
0.9917695473251029
0.9917695473251029
0.9917695473251029
0.9917695473251029
0.9917695473251029
0.9917695473251029
0.9917695473251029
0.9917695473251029
0.9917695473251029
0.9917695473251029
0.9917695473251029
0.9917695473251029
0.9917695473251029
0.9917695473251029
0.9917695473251029
0.9917695473251029
0.9917695473251029
0.9917695473251029
0.9917695473251029
0.9917695473251029
0.9917695473251029
0.9917695473251029
0.9917695473251029
0.9917695473251029
0.9917695473251029
0.9917695473251029
0.9917695473251029
0.9917695473251029
0.9917695473251029
0.9917695473251029
0.9917695473251029
0.9917695473251029
0.9917695473251029
0.9917695473251029
0.9917695473251029
0.9917695473251029
0.9917695473251029
0.9917695473251029
0.9917695473251029
0.9917695473251029
0.9917695473251029
0.9917695473251029
0.9917695473251029
0.9917695473251029
0.9917695473251029
0.9917695473251029
0.9917695473251029
0.9917695473251029
0.9917695473251029
0.9917695473251029
0.9917695473251029
0.9917695473251029
0.9917695473251029
0.9917695473251029
0.9917695473251029
0.9917695473251029
0.9917695473251029
0.9917695473251029
0.9917695473251029
0.9917695473251029
0.9917695473251029
0.9917695473251029
0.9917695473251029
0.9917695473251029
0.9917695473251029
0.9917695473251029
0.9917695473251029
0.9917695473251029
0.9917695473251029
0.9917695473251029
0.9917695473251029
0.9917695473251029
0.9917695473251029
0.9917695473251029
0.9917695473251029
0.9917695473251029
0.9917695473251029
0.9917695473251029
0.9917695473251029
0.9917695473251029
0.9917695473251029
0.9917695473251029
0.9917695473251029
0.9885057471264368
0.9885057471264368
0.9885057471264368
0.9885057471264368
0.9885057471264368
0.9885057471264368
0.9885057471264368
0.9885057471264368
0.9885057471264368
0.9885057471264368
0.9885057471264368
0.9885057471264368
0.9885057471264368
0.9885057471264368
0.9885057471264368
0.9885057471264368
0.9885057471264368
0.9885057471264368
0.9847908745247148
0.9847908745247148
0.9838709677419355
0.9838709677419355
0.9838709677419355
0.9838709677419355
0.9838709677419355
0.9838709677419355
0.9838709677419355
0.9838709677419355
0.9838709677419355
0.9838709677419355
0.9838709677419355
0.9838709677419355
0.9838709677419355
0.9838709677419355
0.9838709677419355
0.9838709677419355
0.9838709677419355
0.9838709677419355
0.9838709677419355
0.9838709677419355
0.9838709677419355
0.9838709677419355
0.9838709677419355
0.9838709677419355
0.9838709677419355
0.9838709677419355
0.9838709677419355
0.9838709677419355
0.9838709677419355
0.9838709677419355
0.9838709677419355
0.9838709677419355
0.9838709677419355
0.9838709677419355
0.9838709677419355
0.9838709677419355
0.9838709677419355
0.9838709677419355
0.9838709677419355
0.9838709677419355
0.9838709677419355
0.9838709677419355
0.9838709677419355
0.9838709677419355
0.9838709677419355
0.9838709677419355
0.9838709677419355
0.9810126582278481
0.9810126582278481
0.9810126582278481
0.9810126582278481
0.9810126582278481
0.9810126582278481
0.9793510324483776
0.9793510324483776
0.9793510324483776
0.9793510324483776
0.9793510324483776
0.9793510324483776
0.9793510324483776
0.9793510324483776
0.9793510324483776
0.9793510324483776
0.9793510324483776
0.9793510324483776
0.9793510324483776
0.9793510324483776
0.9793510324483776
0.9793510324483776
0.9793510324483776
0.9793510324483776
0.9793510324483776
0.9793510324483776
0.9793510324483776
0.9793510324483776
0.9793510324483776
0.9766081871345029
0.9766081871345029
0.9766081871345029
0.9739884393063584
0.9739884393063584
0.9739884393063584
0.9739884393063584
0.9715909090909091
0.9715909090909091
0.9715909090909091
0.9715909090909091
0.9715909090909091
0.9715909090909091
0.9695290858725761
0.9695290858725761
0.9695290858725761
0.9695290858725761
0.9695290858725761
0.9695290858725761
0.9695290858725761
0.9695290858725761
0.9695290858725761
0.967032967032967
0.967032967032967
0.967032967032967
0.9655172413793104
0.9655172413793104
0.9655172413793104
0.9655172413793104
0.9655172413793104
0.9655172413793104
0.9655172413793104
0.9655172413793104
0.9655172413793104
0.9655172413793104
0.9655172413793104
0.9655172413793104
0.9655172413793104
0.9635416666666666
0.9635416666666666
0.9635416666666666
0.9635416666666666
0.9635416666666666
0.9635416666666666
0.9635416666666666
0.961139896373057
0.961139896373057
0.9592875318066157
0.9592875318066157
0.9592875318066157
0.9592875318066157
0.9592875318066157
0.9592875318066157
0.9592875318066157
0.9589371980676329
0.9589371980676329
0.9589371980676329
0.9589371980676329
0.9589371980676329
0.9589371980676329
0.9589371980676329
0.9589371980676329
0.9589371980676329
0.9589371980676329
0.9589371980676329
0.9589371980676329
0.9589371980676329
0.9589371980676329
0.9589371980676329
0.9589371980676329
0.9589371980676329
0.9589371980676329
0.9589371980676329
0.9589371980676329
0.9589371980676329
0.9568345323741008
0.9568345323741008
0.9568345323741008
0.9545454545454546
0.9530516431924883
0.9530516431924883
0.9530516431924883
0.9530516431924883
0.9530516431924883
0.9530516431924883
0.9530516431924883
0.9530516431924883
0.9516129032258065
0.9516129032258065
0.9516129032258065
0.9516129032258065
0.9516129032258065
0.9516129032258065
0.9516129032258065
0.9516129032258065
0.9494252873563218
0.9472477064220184
0.9452054794520548
0.9452054794520548
0.9431818181818182
0.9431818181818182
0.9410430839002267
0.9393258426966292
0.9393258426966292
0.9393258426966292
0.9393258426966292
0.9373601789709173
0.9373601789709173
0.9354120267260579
0.9354120267260579
0.9334811529933481
0.9334811529933481
0.9314159292035398
0.9293598233995585
0.9274725274725275
0.9274725274725275
0.925601750547046
0.925601750547046
0.9245689655172413
0.9245689655172413
0.9245689655172413
0.9245689655172413
0.9245689655172413
0.9245689655172413
0.9245689655172413
0.9225806451612903
0.9206008583690987
0.9186295503211992
0.9168443496801706
0.9168443496801706
0.9148936170212766
0.9129511677282378
0.9113924050632911
0.9113924050632911
0.9113924050632911
0.9102296450939458
0.9102296450939458
0.9102296450939458
0.9102296450939458
0.9102296450939458
0.9083333333333333
0.9066390041493776
0.9066390041493776
0.9053497942386831
0.9053497942386831
0.9053497942386831
0.9053497942386831
0.9036885245901639
0.9036885245901639
0.9022403258655805
0.9022403258655805
0.9022403258655805
0.9004065040650406
0.8987854251012146
0.8987854251012146
0.896969696969697
0.8951612903225806
0.8933601609657947
0.8917835671342685
0.8917835671342685
0.8902195608782435
0.8902195608782435
0.8886679920477137
0.8886679920477137
0.8873517786561265
0.8873517786561265
0.8873517786561265
0.8856015779092702
0.8838582677165354
0.8821218074656189
0.8806262230919765
0.8806262230919765
0.87890625
0.8776699029126214
0.8776699029126214
0.8776699029126214
0.8764478764478765
0.8764478764478765
0.8764478764478765
0.875
0.875
0.8733205374280231
0.8716475095785441
0.8702290076335878
0.8702290076335878
0.8685714285714285
0.8669201520912547
0.8652751423149905
0.8636363636363636
0.8620037807183365
0.8606403013182674
0.8606403013182674
0.8590225563909775
0.8574108818011257
0.8558052434456929
0.8542056074766355
0.8526119402985075
0.851024208566108
0.8494423791821561
0.8478664192949907
0.8462962962962963
0.844731977818854
0.8431734317343174
0.8416206261510129
0.8403669724770643
0.8403669724770643
0.8388278388278388
0.8372943327239488
0.8357664233576643
0.8342440801457195
0.8327272727272728
0.8312159709618875
0.8297101449275363
0.8282097649186256
0.8273381294964028
0.8273381294964028
0.8273381294964028
0.8261648745519713
0.8261648745519713
0.8246869409660107
0.8232142857142857
0.82174688057041
0.8202846975088968
0.8188277087033747
0.8173758865248227
0.815929203539823
0.8144876325088339
0.8137082601054482
0.8137082601054482
0.8137082601054482
0.8122807017543859
0.8108581436077058
0.8094405594405595
0.8083623693379791
0.8083623693379791
0.8069565217391305
0.0
1.0
1.0
1.0
1.0
1.0
1.0
1.0
1.0
1.0
1.0
1.0
1.0
1.0
1.0
1.0
1.0
1.0
1.0
1.0
1.0
1.0
1.0
1.0
1.0
1.0
1.0
1.0
1.0
1.0
1.0
1.0
1.0
1.0
1.0
1.0
1.0
1.0
1.0
1.0
1.0
1.0
1.0
1.0
1.0
1.0
1.0
1.0
1.0
0.9826086956521739
0.9826086956521739
0.9826086956521739
0.9826086956521739
0.9826086956521739
0.9826086956521739
0.9826086956521739
0.9826086956521739
0.9826086956521739
0.9826086956521739
0.9826086956521739
0.9826086956521739
0.9826086956521739
0.9826086956521739
0.9826086956521739
0.9826086956521739
0.9826086956521739
0.9826086956521739
0.9826086956521739
0.9826086956521739
0.9826086956521739
0.9826086956521739
0.9826086956521739
0.9826086956521739
0.9826086956521739
0.9826086956521739
0.9826086956521739
0.9826086956521739
0.9826086956521739
0.9826086956521739
0.9826086956521739
0.9826086956521739
0.9826086956521739
0.9826086956521739
0.9826086956521739
0.9826086956521739
0.9826086956521739
0.9826086956521739
0.9826086956521739
0.9826086956521739
0.9826086956521739
0.9826086956521739
0.9826086956521739
0.9826086956521739
0.9826086956521739
0.9826086956521739
0.9826086956521739
0.9826086956521739
0.9826086956521739
0.9826086956521739
0.9826086956521739
0.9826086956521739
0.9826086956521739
0.9826086956521739
0.9826086956521739
0.9826086956521739
0.9826086956521739
0.9826086956521739
0.9826086956521739
0.9826086956521739
0.9826086956521739
0.9826086956521739
0.9826086956521739
0.9826086956521739
0.9826086956521739
0.9826086956521739
0.9826086956521739
0.9826086956521739
0.9782608695652174
0.9782608695652174
0.9782608695652174
0.9782608695652174
0.9782608695652174
0.9782608695652174
0.9782608695652174
0.9782608695652174
0.9782608695652174
0.9782608695652174
0.9782608695652174
0.9782608695652174
0.9782608695652174
0.9782608695652174
0.9782608695652174
0.9782608695652174
0.9782608695652174
0.9782608695652174
0.9782608695652174
0.9782608695652174
0.9782608695652174
0.9782608695652174
0.9782608695652174
0.9731543624161074
0.9731543624161074
0.9731543624161074
0.9731543624161074
0.9731543624161074
0.9731543624161074
0.9731543624161074
0.9731543624161074
0.9731543624161074
0.9731543624161074
0.9731543624161074
0.9671052631578947
0.9671052631578947
0.9671052631578947
0.961038961038961
0.961038961038961
0.95625
0.95625
0.95625
0.95625
0.95625
0.95625
0.9506172839506173
0.9506172839506173
0.9464285714285714
0.9464285714285714
0.9464285714285714
0.9464285714285714
0.9464285714285714
0.9464285714285714
0.9415204678362573
0.9415204678362573
0.9415204678362573
0.9402173913043478
0.9402173913043478
0.9402173913043478
0.9402173913043478
0.9402173913043478
0.9402173913043478
0.9402173913043478
0.9402173913043478
0.9402173913043478
0.9402173913043478
0.9402173913043478
0.9402173913043478
0.9402173913043478
0.9354838709677419
0.9354838709677419
0.9319371727748691
0.9319371727748691
0.9319371727748691
0.9319371727748691
0.9319371727748691
0.9289340101522843
0.9289340101522843
0.9289340101522843
0.9289340101522843
0.9289340101522843
0.9289340101522843
0.9242424242424242
0.9203980099502488
0.9203980099502488
0.9203980099502488
0.9158415841584159
0.912621359223301
0.912621359223301
0.912621359223301
0.912621359223301
0.9086538461538461
0.9086538461538461
0.9047619047619048
0.9047619047619048
0.9004739336492891
0.8962264150943396
0.892018779342723
0.8878504672897196
0.8853211009174312
0.8853211009174312
0.8853211009174312
0.8853211009174312
0.8812785388127854
0.8772727272727273
0.8733031674208145
0.8722466960352423
0.8722466960352423
0.8722466960352423
0.8722466960352423
0.8722466960352423
0.8722466960352423
0.8701298701298701
0.8701298701298701
0.8701298701298701
0.8701298701298701
0.8663793103448276
0.8626609442060086
0.8589743589743589
0.8553191489361702
0.8516949152542372
0.8481012658227848
0.8451882845188284
0.8451882845188284
0.8423236514522822
0.8423236514522822
0.8401639344262295
0.8401639344262295
0.8401639344262295
0.8367346938775511
0.8346774193548387
0.8346774193548387
0.8346774193548387
0.832
0.832
0.8293650793650794
0.8293650793650794
0.8260869565217391
0.8228346456692913
0.8196078431372549
0.81640625
0.8132295719844358
0.810077519379845
0.806949806949807
0.8038461538461539
0.8007662835249042
0.7977099236641222
0.7946768060836502
0.7916666666666666
0.7886792452830189
0.7857142857142857
0.7827715355805244
0.7798507462686567
0.7769516728624535
0.7749077490774908
0.7749077490774908
0.7720588235294118
0.7692307692307693
0.7672727272727272
0.7672727272727272
0.7644927536231884
0.0
0.35294117647058826
0.35294117647058826
0.35294117647058826
0.35294117647058826
0.35294117647058826
0.35294117647058826
0.35294117647058826
0.35294117647058826
0.35294117647058826
0.35294117647058826
0.35294117647058826
0.35294117647058826
0.35294117647058826
0.35294117647058826
0.35294117647058826
0.35294117647058826
0.35294117647058826
0.35294117647058826
0.35
0.35
0.35
0.3333333333333333
0.3181818181818182
0.30434782608695654
0.2916666666666667
0.28
0.2692307692307692
0.25925925925925924
0.25
0.2413793103448276
0.23333333333333334
0.22580645161290322
0.21875
0.21212121212121213
0.20588235294117646
0.2
0.19444444444444445
0.1891891891891892
0.18421052631578946
0.1794871794871795
0.175
0.17073170731707318
0.16666666666666666
0.16279069767441862
0.1590909090909091
0.15555555555555556
0.0
0.3333333333333333
0.3333333333333333
0.3333333333333333
0.3333333333333333
0.3333333333333333
0.3333333333333333
0.3333333333333333
0.3157894736842105
0.3157894736842105
0.3157894736842105
0.3157894736842105
0.3157894736842105
0.3157894736842105
0.3157894736842105
0.3157894736842105
0.3157894736842105
0.3157894736842105
0.3157894736842105
0.3157894736842105
0.3157894736842105
0.3
0.2857142857142857
0.2727272727272727
0.2608695652173913
0.25925925925925924
0.25925925925925924
0.25925925925925924
0.25925925925925924
0.25
0.2413793103448276
0.23333333333333334
0.22580645161290322
0.21875
0.21212121212121213
0.20588235294117646
0.2
0.19444444444444445
0.1891891891891892
0.18421052631578946
0.1794871794871795
0.175
0.17073170731707318
0.16666666666666666
0.16279069767441862
0.1590909090909091
0.15555555555555556
0.15217391304347827
0.14893617021276595
0.14583333333333334
0.14285714285714285
0.0
0.35294117647058826
0.35294117647058826
0.35294117647058826
0.35294117647058826
0.35294117647058826
0.35294117647058826
0.35294117647058826
0.35294117647058826
0.35294117647058826
0.35294117647058826
0.35294117647058826
0.35294117647058826
0.35294117647058826
0.35294117647058826
0.35294117647058826
0.35294117647058826
0.35294117647058826
0.35294117647058826
0.35
0.35
0.35
0.3333333333333333
0.3181818181818182
0.30434782608695654
0.2916666666666667
0.28
0.2692307692307692
0.25925925925925924
0.25
0.2413793103448276
0.23333333333333334
0.22580645161290322
0.21875
0.21212121212121213
0.20588235294117646
0.2
0.19444444444444445
0.1891891891891892
0.18421052631578946
0.1794871794871795
0.175
0.17073170731707318
0.16666666666666666
0.16279069767441862
0.1590909090909091
0.15555555555555556
0.0
0.3333333333333333
0.3333333333333333
0.3333333333333333
0.3333333333333333
0.3333333333333333
0.3333333333333333
0.3333333333333333
0.3157894736842105
0.3157894736842105
0.3157894736842105
0.3157894736842105
0.3157894736842105
0.3157894736842105
0.3157894736842105
0.3157894736842105
0.3157894736842105
0.3157894736842105
0.3157894736842105
0.3157894736842105
0.3157894736842105
0.3
0.2857142857142857
0.2727272727272727
0.2608695652173913
0.25925925925925924
0.25925925925925924
0.25925925925925924
0.25925925925925924
0.25
0.2413793103448276
0.23333333333333334
0.22580645161290322
0.21875
0.21212121212121213
0.20588235294117646
0.2
0.19444444444444445
0.1891891891891892
0.18421052631578946
0.1794871794871795
0.175
0.17073170731707318
0.16666666666666666
0.16279069767441862
0.1590909090909091
0.15555555555555556
0.15217391304347827
0.14893617021276595
0.14583333333333334
0.14285714285714285
0.0
0.1926605504587156
0.1926605504587156
0.1926605504587156
0.1926605504587156
0.1926605504587156
0.1926605504587156
0.1926605504587156
0.1926605504587156
0.1926605504587156
0.1926605504587156
0.1926605504587156
0.1926605504587156
0.1926605504587156
0.1926605504587156
0.1926605504587156
0.1926605504587156
0.1926605504587156
0.1926605504587156
0.1926605504587156
0.1926605504587156
0.1926605504587156
0.1926605504587156
0.1926605504587156
0.1926605504587156
0.1926605504587156
0.1926605504587156
0.1926605504587156
0.1926605504587156
0.1926605504587156
0.1926605504587156
0.1926605504587156
0.1926605504587156
0.1926605504587156
0.1926605504587156
0.1926605504587156
0.1926605504587156
0.1926605504587156
0.1926605504587156
0.1926605504587156
0.1926605504587156
0.1926605504587156
0.1926605504587156
0.1926605504587156
0.1926605504587156
0.1926605504587156
0.1926605504587156
0.1926605504587156
0.1926605504587156
0.1926605504587156
0.1926605504587156
0.1926605504587156
0.1926605504587156
0.1926605504587156
0.1926605504587156
0.1926605504587156
0.1926605504587156
0.1926605504587156
0.1926605504587156
0.1926605504587156
0.1926605504587156
0.1926605504587156
0.1926605504587156
0.1926605504587156
0.1926605504587156
0.1926605504587156
0.1926605504587156
0.1926605504587156
0.1926605504587156
0.1926605504587156
0.1926605504587156
0.1926605504587156
0.1926605504587156
0.1926605504587156
0.1926605504587156
0.1926605504587156
0.1926605504587156
0.1926605504587156
0.1926605504587156
0.1926605504587156
0.1926605504587156
0.1926605504587156
0.1926605504587156
0.1926605504587156
0.1926605504587156
0.1926605504587156
0.1926605504587156
0.1926605504587156
0.1926605504587156
0.1926605504587156
0.1926605504587156
0.1926605504587156
0.1926605504587156
0.1926605504587156
0.1926605504587156
0.1926605504587156
0.1926605504587156
0.1926605504587156
0.1926605504587156
0.1926605504587156
0.1926605504587156
0.1926605504587156
0.1926605504587156
0.1926605504587156
0.1926605504587156
0.1926605504587156
0.1926605504587156
0.1926605504587156
0.1926605504587156
0.1926605504587156
0.1926605504587156
0.19090909090909092
0.0
0.25
0.25
0.25
0.25
0.25
0.23140495867768596
0.23140495867768596
0.23140495867768596
0.23140495867768596
0.23140495867768596
0.23140495867768596
0.23140495867768596
0.23140495867768596
0.23140495867768596
0.23140495867768596
0.23140495867768596
0.23140495867768596
0.23140495867768596
0.23140495867768596
0.23140495867768596
0.23140495867768596
0.23140495867768596
0.23140495867768596
0.23140495867768596
0.23140495867768596
0.23140495867768596
0.23140495867768596
0.23140495867768596
0.23140495867768596
0.23140495867768596
0.23140495867768596
0.23140495867768596
0.23140495867768596
0.23140495867768596
0.23140495867768596
0.23140495867768596
0.23140495867768596
0.23140495867768596
0.23140495867768596
0.23140495867768596
0.23140495867768596
0.23140495867768596
0.23140495867768596
0.23140495867768596
0.23140495867768596
0.23140495867768596
0.23140495867768596
0.23140495867768596
0.23140495867768596
0.23140495867768596
0.23140495867768596
0.23140495867768596
0.23140495867768596
0.23140495867768596
0.23140495867768596
0.23140495867768596
0.23140495867768596
0.23140495867768596
0.23140495867768596
0.23140495867768596
0.23140495867768596
0.23140495867768596
0.23140495867768596
0.23140495867768596
0.23140495867768596
0.23140495867768596
0.23140495867768596
0.23140495867768596
0.23140495867768596
0.23140495867768596
0.23140495867768596
0.23140495867768596
0.23140495867768596
0.23140495867768596
0.23140495867768596
0.23140495867768596
0.23140495867768596
0.23140495867768596
0.23140495867768596
0.23140495867768596
0.23140495867768596
0.23140495867768596
0.23140495867768596
0.23140495867768596
0.23140495867768596
0.23140495867768596
0.23140495867768596
0.23140495867768596
0.23140495867768596
0.23140495867768596
0.23140495867768596
0.23140495867768596
0.23140495867768596
0.23140495867768596
0.23140495867768596
0.23140495867768596
0.23140495867768596
0.23140495867768596
0.23140495867768596
0.23140495867768596
0.23140495867768596
0.23140495867768596
0.23140495867768596
0.23140495867768596
0.23140495867768596
0.23140495867768596
0.23140495867768596
0.23140495867768596
0.23140495867768596
0.23140495867768596
0.23140495867768596
0.23140495867768596
0.23140495867768596
0.23140495867768596
0.23140495867768596
0.23140495867768596
0.23140495867768596
0.23140495867768596
0.23140495867768596
0.23140495867768596
0.23140495867768596
0.23140495867768596
0.23076923076923078
0.23076923076923078
0.23076923076923078
0.23076923076923078
0.23076923076923078
0.23076923076923078
0.23076923076923078
0.23076923076923078
0.23076923076923078
0.22900763358778625
0.22727272727272727
0.0
0.1926605504587156
0.1926605504587156
0.1926605504587156
0.1926605504587156
0.1926605504587156
0.1926605504587156
0.1926605504587156
0.1926605504587156
0.1926605504587156
0.1926605504587156
0.1926605504587156
0.1926605504587156
0.1926605504587156
0.1926605504587156
0.1926605504587156
0.1926605504587156
0.1926605504587156
0.1926605504587156
0.1926605504587156
0.1926605504587156
0.1926605504587156
0.1926605504587156
0.1926605504587156
0.1926605504587156
0.1926605504587156
0.1926605504587156
0.1926605504587156
0.1926605504587156
0.1926605504587156
0.1926605504587156
0.1926605504587156
0.1926605504587156
0.1926605504587156
0.1926605504587156
0.1926605504587156
0.1926605504587156
0.1926605504587156
0.1926605504587156
0.1926605504587156
0.1926605504587156
0.1926605504587156
0.1926605504587156
0.1926605504587156
0.1926605504587156
0.1926605504587156
0.1926605504587156
0.1926605504587156
0.1926605504587156
0.1926605504587156
0.1926605504587156
0.1926605504587156
0.1926605504587156
0.1926605504587156
0.1926605504587156
0.1926605504587156
0.1926605504587156
0.1926605504587156
0.1926605504587156
0.1926605504587156
0.1926605504587156
0.1926605504587156
0.1926605504587156
0.1926605504587156
0.1926605504587156
0.1926605504587156
0.1926605504587156
0.1926605504587156
0.1926605504587156
0.1926605504587156
0.1926605504587156
0.1926605504587156
0.1926605504587156
0.1926605504587156
0.1926605504587156
0.1926605504587156
0.1926605504587156
0.1926605504587156
0.1926605504587156
0.1926605504587156
0.1926605504587156
0.1926605504587156
0.1926605504587156
0.1926605504587156
0.1926605504587156
0.1926605504587156
0.1926605504587156
0.1926605504587156
0.1926605504587156
0.1926605504587156
0.1926605504587156
0.1926605504587156
0.1926605504587156
0.1926605504587156
0.1926605504587156
0.1926605504587156
0.1926605504587156
0.1926605504587156
0.1926605504587156
0.1926605504587156
0.1926605504587156
0.1926605504587156
0.1926605504587156
0.1926605504587156
0.1926605504587156
0.1926605504587156
0.1926605504587156
0.1926605504587156
0.1926605504587156
0.1926605504587156
0.1926605504587156
0.19090909090909092
0.0
0.25
0.25
0.25
0.25
0.25
0.23140495867768596
0.23140495867768596
0.23140495867768596
0.23140495867768596
0.23140495867768596
0.23140495867768596
0.23140495867768596
0.23140495867768596
0.23140495867768596
0.23140495867768596
0.23140495867768596
0.23140495867768596
0.23140495867768596
0.23140495867768596
0.23140495867768596
0.23140495867768596
0.23140495867768596
0.23140495867768596
0.23140495867768596
0.23140495867768596
0.23140495867768596
0.23140495867768596
0.23140495867768596
0.23140495867768596
0.23140495867768596
0.23140495867768596
0.23140495867768596
0.23140495867768596
0.23140495867768596
0.23140495867768596
0.23140495867768596
0.23140495867768596
0.23140495867768596
0.23140495867768596
0.23140495867768596
0.23140495867768596
0.23140495867768596
0.23140495867768596
0.23140495867768596
0.23140495867768596
0.23140495867768596
0.23140495867768596
0.23140495867768596
0.23140495867768596
0.23140495867768596
0.23140495867768596
0.23140495867768596
0.23140495867768596
0.23140495867768596
0.23140495867768596
0.23140495867768596
0.23140495867768596
0.23140495867768596
0.23140495867768596
0.23140495867768596
0.23140495867768596
0.23140495867768596
0.23140495867768596
0.23140495867768596
0.23140495867768596
0.23140495867768596
0.23140495867768596
0.23140495867768596
0.23140495867768596
0.23140495867768596
0.23140495867768596
0.23140495867768596
0.23140495867768596
0.23140495867768596
0.23140495867768596
0.23140495867768596
0.23140495867768596
0.23140495867768596
0.23140495867768596
0.23140495867768596
0.23140495867768596
0.23140495867768596
0.23140495867768596
0.23140495867768596
0.23140495867768596
0.23140495867768596
0.23140495867768596
0.23140495867768596
0.23140495867768596
0.23140495867768596
0.23140495867768596
0.23140495867768596
0.23140495867768596
0.23140495867768596
0.23140495867768596
0.23140495867768596
0.23140495867768596
0.23140495867768596
0.23140495867768596
0.23140495867768596
0.23140495867768596
0.23140495867768596
0.23140495867768596
0.23140495867768596
0.23140495867768596
0.23140495867768596
0.23140495867768596
0.23140495867768596
0.23140495867768596
0.23140495867768596
0.23140495867768596
0.23140495867768596
0.23140495867768596
0.23140495867768596
0.23140495867768596
0.23140495867768596
0.23140495867768596
0.23140495867768596
0.23140495867768596
0.23140495867768596
0.23140495867768596
0.23140495867768596
0.23076923076923078
0.23076923076923078
0.23076923076923078
0.23076923076923078
0.23076923076923078
0.23076923076923078
0.23076923076923078
0.23076923076923078
0.23076923076923078
0.22900763358778625
0.22727272727272727
0.0
0.2222222222222222
0.2222222222222222
0.2222222222222222
0.2222222222222222
0.2222222222222222
0.2222222222222222
0.2222222222222222
0.2222222222222222
0.2222222222222222
0.2222222222222222
0.2
0.18181818181818182
0.16666666666666666
0.15384615384615385
0.15
0.15
0.15
0.15
0.15
0.15
0.15
0.14285714285714285
0.13636363636363635
0.13043478260869565
0.125
0.12280701754385964
0.12280701754385964
0.12280701754385964
0.12280701754385964
0.12280701754385964
0.12280701754385964
0.12280701754385964
0.12280701754385964
0.12280701754385964
0.12280701754385964
0.12280701754385964
0.12280701754385964
0.12280701754385964
0.12280701754385964
0.12280701754385964
0.12280701754385964
0.12280701754385964
0.12280701754385964
0.12280701754385964
0.12280701754385964
0.12280701754385964
0.12280701754385964
0.12280701754385964
0.12280701754385964
0.12280701754385964
0.12280701754385964
0.12280701754385964
0.12280701754385964
0.12280701754385964
0.12280701754385964
0.12280701754385964
0.12280701754385964
0.12280701754385964
0.1206896551724138
0.11864406779661017
0.11764705882352941
0.11764705882352941
0.11764705882352941
0.11764705882352941
0.11764705882352941
0.11764705882352941
0.11764705882352941
0.11764705882352941
0.11764705882352941
0.11594202898550725
0.11538461538461539
0.11538461538461539
0.11538461538461539
0.11538461538461539
0.11538461538461539
0.11538461538461539
0.11538461538461539
0.11538461538461539
0.11538461538461539
0.11392405063291139
0.1125
0.1111111111111111
0.10975609756097561
0.10843373493975904
0.10714285714285714
0.10588235294117647
0.10465116279069768
0.10344827586206896
0.10309278350515463
0.10309278350515463
0.10309278350515463
0.10309278350515463
0.10309278350515463
0.10309278350515463
0.10309278350515463
0.10309278350515463
0.10309278350515463
0.10309278350515463
0.10204081632653061
0.10185185185185185
0.10185185185185185
0.10185185185185185
0.10185185185185185
0.10185185185185185
0.10185185185185185
0.10185185185185185
0.10185185185185185
0.10185185185185185
0.10185185185185185
0.10091743119266056
0.1
0.0990990990990991
0.09821428571428571
0.09734513274336283
0.09649122807017543
0.09565217391304348
0.09482758620689655
0.09401709401709402
0.09322033898305085
0.09243697478991597
0.09166666666666666
0.09090909090909091
0.09016393442622951
0.08943089430894309
0.08888888888888889
0.08888888888888889
0.08888888888888889
0.08888888888888889
0.08888888888888889
0.08888888888888889
0.08888888888888889
0.08888888888888889
0.08888888888888889
0.08888888888888889
0.08888888888888889
0.08888888888888889
0.08823529411764706
0.08759124087591241
0.08695652173913043
0.08633093525179857
0.0
0.4
0.4
0.4
0.4
0.4
0.4
0.3333333333333333
0.3076923076923077
0.3076923076923077
0.3076923076923077
0.3076923076923077
0.3076923076923077
0.3076923076923077
0.3076923076923077
0.2857142857142857
0.2777777777777778
0.2777777777777778
0.2777777777777778
0.2777777777777778
0.2727272727272727
0.2727272727272727
0.2727272727272727
0.2727272727272727
0.2608695652173913
0.25
0.24
0.23076923076923078
0.2222222222222222
0.21428571428571427
0.21212121212121213
0.21212121212121213
0.21212121212121213
0.21212121212121213
0.21212121212121213
0.20930232558139536
0.20930232558139536
0.20930232558139536
0.20930232558139536
0.20930232558139536
0.20930232558139536
0.20930232558139536
0.20930232558139536
0.20930232558139536
0.20930232558139536
0.20930232558139536
0.20930232558139536
0.20930232558139536
0.20930232558139536
0.20930232558139536
0.20930232558139536
0.20930232558139536
0.20930232558139536
0.20930232558139536
0.20930232558139536
0.20930232558139536
0.20930232558139536
0.20930232558139536
0.20930232558139536
0.20930232558139536
0.20930232558139536
0.20930232558139536
0.20930232558139536
0.20930232558139536
0.20930232558139536
0.20930232558139536
0.20930232558139536
0.20930232558139536
0.20930232558139536
0.20930232558139536
0.20930232558139536
0.20930232558139536
0.20930232558139536
0.20930232558139536
0.20930232558139536
0.20930232558139536
0.20930232558139536
0.20930232558139536
0.20930232558139536
0.20930232558139536
0.20930232558139536
0.20930232558139536
0.20930232558139536
0.20930232558139536
0.20930232558139536
0.20930232558139536
0.20930232558139536
0.20930232558139536
0.20689655172413793
0.20454545454545456
0.20224719101123595
0.2
0.1984126984126984
0.1984126984126984
0.1984126984126984
0.1984126984126984
0.1984126984126984
0.1984126984126984
0.1984126984126984
0.1984126984126984
0.1984126984126984
0.1984126984126984
0.1984126984126984
0.1984126984126984
0.1984126984126984
0.1984126984126984
0.1984126984126984
0.1984126984126984
0.1984126984126984
0.1984126984126984
0.1984126984126984
0.1984126984126984
0.1984126984126984
0.1984126984126984
0.1984126984126984
0.1984126984126984
0.1984126984126984
0.1984126984126984
0.1984126984126984
0.1984126984126984
0.1984126984126984
0.1984126984126984
0.1984126984126984
0.1984126984126984
0.1984126984126984
0.1984126984126984
0.1984126984126984
0.1984126984126984
0.1968503937007874
0.1953125
0.1937984496124031
0.19230769230769232
0.19135802469135801
0.19135802469135801
0.19135802469135801
0.19135802469135801
0.19135802469135801
0.19135802469135801
0.19135802469135801
0.19135802469135801
0.19135802469135801
0.19135802469135801
0.19135802469135801
0.19135802469135801
0.19135802469135801
0.19135802469135801
0.19135802469135801
0.19135802469135801
0.19135802469135801
0.19135802469135801
0.19135802469135801
0.19135802469135801
0.19135802469135801
0.19135802469135801
0.19135802469135801
0.19135802469135801
0.19135802469135801
0.19135802469135801
0.19135802469135801
0.19135802469135801
0.19135802469135801
0.19135802469135801
0.19135802469135801
0.19135802469135801
0.1901840490797546
0.18902439024390244
0.18823529411764706
0.18823529411764706
0.18823529411764706
0.18823529411764706
0.18823529411764706
0.18823529411764706
0.1871345029239766
0.18604651162790697
0.18497109826589594
0.1839080459770115
0.18285714285714286
0.18181818181818182
0.1807909604519774
0.1797752808988764
0.1793478260869565
0.1793478260869565
0.1793478260869565
0.1793478260869565
0.1793478260869565
0.1793478260869565
0.1783783783783784
0.0
0.2222222222222222
0.2222222222222222
0.2222222222222222
0.2222222222222222
0.2222222222222222
0.2222222222222222
0.2222222222222222
0.2222222222222222
0.2222222222222222
0.2222222222222222
0.2
0.18181818181818182
0.16666666666666666
0.15384615384615385
0.15
0.15
0.15
0.15
0.15
0.15
0.15
0.14285714285714285
0.13636363636363635
0.13043478260869565
0.125
0.12280701754385964
0.12280701754385964
0.12280701754385964
0.12280701754385964
0.12280701754385964
0.12280701754385964
0.12280701754385964
0.12280701754385964
0.12280701754385964
0.12280701754385964
0.12280701754385964
0.12280701754385964
0.12280701754385964
0.12280701754385964
0.12280701754385964
0.12280701754385964
0.12280701754385964
0.12280701754385964
0.12280701754385964
0.12280701754385964
0.12280701754385964
0.12280701754385964
0.12280701754385964
0.12280701754385964
0.12280701754385964
0.12280701754385964
0.12280701754385964
0.12280701754385964
0.12280701754385964
0.12280701754385964
0.12280701754385964
0.12280701754385964
0.12280701754385964
0.1206896551724138
0.11864406779661017
0.11764705882352941
0.11764705882352941
0.11764705882352941
0.11764705882352941
0.11764705882352941
0.11764705882352941
0.11764705882352941
0.11764705882352941
0.11764705882352941
0.11594202898550725
0.11538461538461539
0.11538461538461539
0.11538461538461539
0.11538461538461539
0.11538461538461539
0.11538461538461539
0.11538461538461539
0.11538461538461539
0.11538461538461539
0.11392405063291139
0.1125
0.1111111111111111
0.10975609756097561
0.10843373493975904
0.10714285714285714
0.10588235294117647
0.10465116279069768
0.10344827586206896
0.10309278350515463
0.10309278350515463
0.10309278350515463
0.10309278350515463
0.10309278350515463
0.10309278350515463
0.10309278350515463
0.10309278350515463
0.10309278350515463
0.10309278350515463
0.10204081632653061
0.10185185185185185
0.10185185185185185
0.10185185185185185
0.10185185185185185
0.10185185185185185
0.10185185185185185
0.10185185185185185
0.10185185185185185
0.10185185185185185
0.10185185185185185
0.10091743119266056
0.1
0.0990990990990991
0.09821428571428571
0.09734513274336283
0.09649122807017543
0.09565217391304348
0.09482758620689655
0.09401709401709402
0.09322033898305085
0.09243697478991597
0.09166666666666666
0.09090909090909091
0.09016393442622951
0.08943089430894309
0.08888888888888889
0.08888888888888889
0.08888888888888889
0.08888888888888889
0.08888888888888889
0.08888888888888889
0.08888888888888889
0.08888888888888889
0.08888888888888889
0.08888888888888889
0.08888888888888889
0.08888888888888889
0.08823529411764706
0.08759124087591241
0.08695652173913043
0.08633093525179857
0.0
0.4
0.4
0.4
0.4
0.4
0.4
0.3333333333333333
0.3076923076923077
0.3076923076923077
0.3076923076923077
0.3076923076923077
0.3076923076923077
0.3076923076923077
0.3076923076923077
0.2857142857142857
0.2777777777777778
0.2777777777777778
0.2777777777777778
0.2777777777777778
0.2727272727272727
0.2727272727272727
0.2727272727272727
0.2727272727272727
0.2608695652173913
0.25
0.24
0.23076923076923078
0.2222222222222222
0.21428571428571427
0.21212121212121213
0.21212121212121213
0.21212121212121213
0.21212121212121213
0.21212121212121213
0.20930232558139536
0.20930232558139536
0.20930232558139536
0.20930232558139536
0.20930232558139536
0.20930232558139536
0.20930232558139536
0.20930232558139536
0.20930232558139536
0.20930232558139536
0.20930232558139536
0.20930232558139536
0.20930232558139536
0.20930232558139536
0.20930232558139536
0.20930232558139536
0.20930232558139536
0.20930232558139536
0.20930232558139536
0.20930232558139536
0.20930232558139536
0.20930232558139536
0.20930232558139536
0.20930232558139536
0.20930232558139536
0.20930232558139536
0.20930232558139536
0.20930232558139536
0.20930232558139536
0.20930232558139536
0.20930232558139536
0.20930232558139536
0.20930232558139536
0.20930232558139536
0.20930232558139536
0.20930232558139536
0.20930232558139536
0.20930232558139536
0.20930232558139536
0.20930232558139536
0.20930232558139536
0.20930232558139536
0.20930232558139536
0.20930232558139536
0.20930232558139536
0.20930232558139536
0.20930232558139536
0.20930232558139536
0.20930232558139536
0.20930232558139536
0.20930232558139536
0.20930232558139536
0.20930232558139536
0.20689655172413793
0.20454545454545456
0.20224719101123595
0.2
0.1984126984126984
0.1984126984126984
0.1984126984126984
0.1984126984126984
0.1984126984126984
0.1984126984126984
0.1984126984126984
0.1984126984126984
0.1984126984126984
0.1984126984126984
0.1984126984126984
0.1984126984126984
0.1984126984126984
0.1984126984126984
0.1984126984126984
0.1984126984126984
0.1984126984126984
0.1984126984126984
0.1984126984126984
0.1984126984126984
0.1984126984126984
0.1984126984126984
0.1984126984126984
0.1984126984126984
0.1984126984126984
0.1984126984126984
0.1984126984126984
0.1984126984126984
0.1984126984126984
0.1984126984126984
0.1984126984126984
0.1984126984126984
0.1984126984126984
0.1984126984126984
0.1984126984126984
0.1984126984126984
0.1968503937007874
0.1953125
0.1937984496124031
0.19230769230769232
0.19135802469135801
0.19135802469135801
0.19135802469135801
0.19135802469135801
0.19135802469135801
0.19135802469135801
0.19135802469135801
0.19135802469135801
0.19135802469135801
0.19135802469135801
0.19135802469135801
0.19135802469135801
0.19135802469135801
0.19135802469135801
0.19135802469135801
0.19135802469135801
0.19135802469135801
0.19135802469135801
0.19135802469135801
0.19135802469135801
0.19135802469135801
0.19135802469135801
0.19135802469135801
0.19135802469135801
0.19135802469135801
0.19135802469135801
0.19135802469135801
0.19135802469135801
0.19135802469135801
0.19135802469135801
0.19135802469135801
0.19135802469135801
0.1901840490797546
0.18902439024390244
0.18823529411764706
0.18823529411764706
0.18823529411764706
0.18823529411764706
0.18823529411764706
0.18823529411764706
0.1871345029239766
0.18604651162790697
0.18497109826589594
0.1839080459770115
0.18285714285714286
0.18181818181818182
0.1807909604519774
0.1797752808988764
0.1793478260869565
0.1793478260869565
0.1793478260869565
0.1793478260869565
0.1793478260869565
0.1793478260869565
0.1783783783783784
0.0
1.0
1.0
1.0
1.0
1.0
1.0
1.0
1.0
1.0
1.0
1.0
1.0
1.0
1.0
1.0
1.0
1.0
1.0
1.0
1.0
1.0
1.0
1.0
1.0
1.0
1.0
1.0
1.0
1.0
1.0
1.0
1.0
1.0
1.0
1.0
1.0
1.0
1.0
1.0
1.0
1.0
1.0
1.0
1.0
1.0
1.0
1.0
1.0
0.9826086956521739
0.9826086956521739
0.9826086956521739
0.9826086956521739
0.9826086956521739
0.9826086956521739
0.9826086956521739
0.9826086956521739
0.9826086956521739
0.9826086956521739
0.9826086956521739
0.9826086956521739
0.9826086956521739
0.9826086956521739
0.9826086956521739
0.9826086956521739
0.9826086956521739
0.9826086956521739
0.9826086956521739
0.9826086956521739
0.9826086956521739
0.9826086956521739
0.9826086956521739
0.9826086956521739
0.9826086956521739
0.9826086956521739
0.9826086956521739
0.9826086956521739
0.9826086956521739
0.9826086956521739
0.9826086956521739
0.9826086956521739
0.9826086956521739
0.9826086956521739
0.9826086956521739
0.9826086956521739
0.9826086956521739
0.9826086956521739
0.9826086956521739
0.9826086956521739
0.9826086956521739
0.9826086956521739
0.9826086956521739
0.9826086956521739
0.9826086956521739
0.9826086956521739
0.9826086956521739
0.9826086956521739
0.9826086956521739
0.9826086956521739
0.9826086956521739
0.9826086956521739
0.9826086956521739
0.9826086956521739
0.9826086956521739
0.9826086956521739
0.9826086956521739
0.9826086956521739
0.9826086956521739
0.9826086956521739
0.9826086956521739
0.9826086956521739
0.9826086956521739
0.9826086956521739
0.9826086956521739
0.9826086956521739
0.9826086956521739
0.9826086956521739
0.9782608695652174
0.9782608695652174
0.9782608695652174
0.9782608695652174
0.9782608695652174
0.9782608695652174
0.9782608695652174
0.9782608695652174
0.9782608695652174
0.9782608695652174
0.9782608695652174
0.9782608695652174
0.9782608695652174
0.9782608695652174
0.9782608695652174
0.9782608695652174
0.9782608695652174
0.9782608695652174
0.9782608695652174
0.9782608695652174
0.9782608695652174
0.9782608695652174
0.9782608695652174
0.9731543624161074
0.9731543624161074
0.9731543624161074
0.9731543624161074
0.9731543624161074
0.9731543624161074
0.9731543624161074
0.9731543624161074
0.9731543624161074
0.9731543624161074
0.9731543624161074
0.9671052631578947
0.9671052631578947
0.9671052631578947
0.961038961038961
0.961038961038961
0.95625
0.95625
0.95625
0.95625
0.95625
0.95625
0.9506172839506173
0.9506172839506173
0.9464285714285714
0.9464285714285714
0.9464285714285714
0.9464285714285714
0.9464285714285714
0.9464285714285714
0.9415204678362573
0.9415204678362573
0.9415204678362573
0.9402173913043478
0.9402173913043478
0.9402173913043478
0.9402173913043478
0.9402173913043478
0.9402173913043478
0.9402173913043478
0.9402173913043478
0.9402173913043478
0.9402173913043478
0.9402173913043478
0.9402173913043478
0.9402173913043478
0.9354838709677419
0.9354838709677419
0.9319371727748691
0.9319371727748691
0.9319371727748691
0.9319371727748691
0.9319371727748691
0.9289340101522843
0.9289340101522843
0.9289340101522843
0.9289340101522843
0.9289340101522843
0.9289340101522843
0.9242424242424242
0.9203980099502488
0.9203980099502488
0.9203980099502488
0.9158415841584159
0.912621359223301
0.912621359223301
0.912621359223301
0.912621359223301
0.9086538461538461
0.9086538461538461
0.9047619047619048
0.9047619047619048
0.9004739336492891
0.8962264150943396
0.892018779342723
0.8878504672897196
0.8853211009174312
0.8853211009174312
0.8853211009174312
0.8853211009174312
0.8812785388127854
0.8772727272727273
0.8733031674208145
0.8722466960352423
0.8722466960352423
0.8722466960352423
0.8722466960352423
0.8722466960352423
0.8722466960352423
0.8701298701298701
0.8701298701298701
0.8701298701298701
0.8701298701298701
0.8663793103448276
0.8626609442060086
0.8589743589743589
0.8553191489361702
0.8516949152542372
0.8481012658227848
0.8451882845188284
0.8451882845188284
0.8423236514522822
0.8423236514522822
0.8401639344262295
0.8401639344262295
0.8401639344262295
0.8367346938775511
0.8346774193548387
0.8346774193548387
0.8346774193548387
0.832
0.832
0.8293650793650794
0.8293650793650794
0.8260869565217391
0.8228346456692913
0.8196078431372549
0.81640625
0.8132295719844358
0.810077519379845
0.806949806949807
0.8038461538461539
0.8007662835249042
0.7977099236641222
0.7946768060836502
0.7916666666666666
0.7886792452830189
0.7857142857142857
0.7827715355805244
0.7798507462686567
0.7769516728624535
0.7749077490774908
0.7749077490774908
0.7720588235294118
0.7692307692307693
0.7672727272727272
0.7672727272727272
0.7644927536231884
0.0
1.0
1.0
1.0
1.0
1.0
1.0
1.0
1.0
1.0
1.0
1.0
1.0
1.0
0.9387755102040817
0.9387755102040817
0.9387755102040817
0.9387755102040817
0.9387755102040817
0.9387755102040817
0.9387755102040817
0.9387755102040817
0.9387755102040817
0.9387755102040817
0.9387755102040817
0.9387755102040817
0.9387755102040817
0.9387755102040817
0.9387755102040817
0.9387755102040817
0.9387755102040817
0.9387755102040817
0.9387755102040817
0.9387755102040817
0.9387755102040817
0.9387755102040817
0.9387755102040817
0.9387755102040817
0.9387755102040817
0.9387755102040817
0.9387755102040817
0.9387755102040817
0.9387755102040817
0.9387755102040817
0.9387755102040817
0.9387755102040817
0.9387755102040817
0.9387755102040817
0.9387755102040817
0.9387755102040817
0.9387755102040817
0.9215686274509803
0.9215686274509803
0.9038461538461539
0.8888888888888888
0.8888888888888888
0.875
0.875
0.8666666666666667
0.8666666666666667
0.8666666666666667
0.8666666666666667
0.8524590163934426
0.8387096774193549
0.8253968253968254
0.8125
0.0
1.0
1.0
1.0
1.0
1.0
1.0
1.0
1.0
1.0
1.0
1.0
1.0
1.0
1.0
1.0
1.0
1.0
1.0
1.0
1.0
1.0
1.0
1.0
1.0
1.0
1.0
1.0
1.0
1.0
1.0
1.0
1.0
1.0
1.0
0.9705882352941176
0.9565217391304348
0.9565217391304348
0.9565217391304348
0.9565217391304348
0.9565217391304348
0.9565217391304348
0.9565217391304348
0.9565217391304348
0.9565217391304348
0.9565217391304348
0.9565217391304348
0.9565217391304348
0.9361702127659575
0.92
0.92
0.92
0.9038461538461539
0.9038461538461539
0.8867924528301887
0.875
0.875
0.875
0.8620689655172413
0.8620689655172413
0.85
0.85
0.8360655737704918
0.8225806451612904
0.8095238095238095
0.796875
0.7846153846153846
0.7727272727272727
0.0
1.0
1.0
1.0
1.0
1.0
1.0
1.0
1.0
1.0
1.0
1.0
1.0
1.0
0.9387755102040817
0.9387755102040817
0.9387755102040817
0.9387755102040817
0.9387755102040817
0.9387755102040817
0.9387755102040817
0.9387755102040817
0.9387755102040817
0.9387755102040817
0.9387755102040817
0.9387755102040817
0.9387755102040817
0.9387755102040817
0.9387755102040817
0.9387755102040817
0.9387755102040817
0.9387755102040817
0.9387755102040817
0.9387755102040817
0.9387755102040817
0.9387755102040817
0.9387755102040817
0.9387755102040817
0.9387755102040817
0.9387755102040817
0.9387755102040817
0.9387755102040817
0.9387755102040817
0.9387755102040817
0.9387755102040817
0.9387755102040817
0.9387755102040817
0.9387755102040817
0.9387755102040817
0.9387755102040817
0.9387755102040817
0.9215686274509803
0.9215686274509803
0.9038461538461539
0.8888888888888888
0.8888888888888888
0.875
0.875
0.8666666666666667
0.8666666666666667
0.8666666666666667
0.8666666666666667
0.8524590163934426
0.8387096774193549
0.8253968253968254
0.8125
0.0
1.0
1.0
1.0
1.0
1.0
1.0
1.0
1.0
1.0
1.0
1.0
1.0
1.0
1.0
1.0
1.0
1.0
1.0
1.0
1.0
1.0
1.0
1.0
1.0
1.0
1.0
1.0
1.0
1.0
1.0
1.0
1.0
1.0
1.0
0.9705882352941176
0.9565217391304348
0.9565217391304348
0.9565217391304348
0.9565217391304348
0.9565217391304348
0.9565217391304348
0.9565217391304348
0.9565217391304348
0.9565217391304348
0.9565217391304348
0.9565217391304348
0.9565217391304348
0.9361702127659575
0.92
0.92
0.92
0.9038461538461539
0.9038461538461539
0.8867924528301887
0.875
0.875
0.875
0.8620689655172413
0.8620689655172413
0.85
0.85
0.8360655737704918
0.8225806451612904
0.8095238095238095
0.796875
0.7846153846153846
0.7727272727272727
0.0
1.0
1.0
1.0
1.0
1.0
1.0
1.0
1.0
1.0
1.0
1.0
1.0
1.0
0.9387755102040817
0.9387755102040817
0.9387755102040817
0.9387755102040817
0.9387755102040817
0.9387755102040817
0.9387755102040817
0.9387755102040817
0.9387755102040817
0.9387755102040817
0.9387755102040817
0.9387755102040817
0.9387755102040817
0.9387755102040817
0.9387755102040817
0.9387755102040817
0.9387755102040817
0.9387755102040817
0.9387755102040817
0.9387755102040817
0.9387755102040817
0.9387755102040817
0.9387755102040817
0.9387755102040817
0.9387755102040817
0.9387755102040817
0.9387755102040817
0.9387755102040817
0.9387755102040817
0.9387755102040817
0.9387755102040817
0.9387755102040817
0.9387755102040817
0.9387755102040817
0.9387755102040817
0.9387755102040817
0.9387755102040817
0.9215686274509803
0.9215686274509803
0.9038461538461539
0.8888888888888888
0.8888888888888888
0.875
0.875
0.8666666666666667
0.8666666666666667
0.8666666666666667
0.8666666666666667
0.8524590163934426
0.8387096774193549
0.8253968253968254
0.8125
0.0
1.0
1.0
1.0
1.0
1.0
1.0
1.0
1.0
1.0
1.0
1.0
1.0
1.0
1.0
1.0
1.0
1.0
1.0
1.0
1.0
1.0
1.0
1.0
1.0
1.0
1.0
1.0
1.0
1.0
1.0
1.0
1.0
1.0
1.0
0.9705882352941176
0.9565217391304348
0.9565217391304348
0.9565217391304348
0.9565217391304348
0.9565217391304348
0.9565217391304348
0.9565217391304348
0.9565217391304348
0.9565217391304348
0.9565217391304348
0.9565217391304348
0.9565217391304348
0.9361702127659575
0.92
0.92
0.92
0.9038461538461539
0.9038461538461539
0.8867924528301887
0.875
0.875
0.875
0.8620689655172413
0.8620689655172413
0.85
0.85
0.8360655737704918
0.8225806451612904
0.8095238095238095
0.796875
0.7846153846153846
0.7727272727272727
0.0
1.0
1.0
1.0
1.0
1.0
1.0
1.0
1.0
1.0
1.0
1.0
1.0
1.0
0.9387755102040817
0.9387755102040817
0.9387755102040817
0.9387755102040817
0.9387755102040817
0.9387755102040817
0.9387755102040817
0.9387755102040817
0.9387755102040817
0.9387755102040817
0.9387755102040817
0.9387755102040817
0.9387755102040817
0.9387755102040817
0.9387755102040817
0.9387755102040817
0.9387755102040817
0.9387755102040817
0.9387755102040817
0.9387755102040817
0.9387755102040817
0.9387755102040817
0.9387755102040817
0.9387755102040817
0.9387755102040817
0.9387755102040817
0.9387755102040817
0.9387755102040817
0.9387755102040817
0.9387755102040817
0.9387755102040817
0.9387755102040817
0.9387755102040817
0.9387755102040817
0.9387755102040817
0.9387755102040817
0.9387755102040817
0.9215686274509803
0.9215686274509803
0.9038461538461539
0.8888888888888888
0.8888888888888888
0.875
0.875
0.8666666666666667
0.8666666666666667
0.8666666666666667
0.8666666666666667
0.8524590163934426
0.8387096774193549
0.8253968253968254
0.8125
0.0
1.0
1.0
1.0
1.0
1.0
1.0
1.0
1.0
1.0
1.0
1.0
1.0
1.0
1.0
1.0
1.0
1.0
1.0
1.0
1.0
1.0
1.0
1.0
1.0
1.0
1.0
1.0
1.0
1.0
1.0
1.0
1.0
1.0
1.0
0.9705882352941176
0.9565217391304348
0.9565217391304348
0.9565217391304348
0.9565217391304348
0.9565217391304348
0.9565217391304348
0.9565217391304348
0.9565217391304348
0.9565217391304348
0.9565217391304348
0.9565217391304348
0.9565217391304348
0.9361702127659575
0.92
0.92
0.92
0.9038461538461539
0.9038461538461539
0.8867924528301887
0.875
0.875
0.875
0.8620689655172413
0.8620689655172413
0.85
0.85
0.8360655737704918
0.8225806451612904
0.8095238095238095
0.796875
0.7846153846153846
0.7727272727272727
0.0
