0.0
0.0020040080416947603
0.004008016083389521
0.006012023892253637
0.008016032166779041
0.010020039975643158
0.012024047784507275
0.014028056524693966
0.016032064333558083
0.018036073073744774
0.020040079951286316
0.022044088691473007
0.02404809556901455
0.02605210430920124
0.028056113049387932
0.030060119926929474
0.032064128667116165
0.034068137407302856
0.03607214614748955
0.03807615116238594
0.04008015990257263
0.04208416864275932
0.044088177382946014
0.046092186123132706
0.0480961911380291
0.05010019987821579
0.05210420861840248
0.05410821735858917
0.056112226098775864
0.058116231113672256
0.06012023985385895
0.06212424859404564
0.06412825733423233
0.06613226234912872
0.06813627481460571
0.0701402798295021
0.0721442922949791
0.07414829730987549
0.07615230232477188
0.07815631479024887
0.08016031980514526
0.08216433227062225
0.08416833728551865
0.08617234230041504
0.08817635476589203
0.09018035978078842
0.09218437224626541
0.0941883772611618
0.0961923822760582
0.09819639474153519
0.10020039975643158
0.10220441222190857
0.10420841723680496
0.10621242225170135
0.10821643471717834
0.11022043973207474
0.11222445219755173
0.11422845721244812
0.11623246222734451
0.1182364746928215
0.1202404797077179
0.12224449217319489
0.12424849718809128
0.12625250220298767
0.12825651466846466
0.13026052713394165
0.13226452469825745
0.13426853716373444
0.13627254962921143
0.13827654719352722
0.1402805596590042
0.1422845721244812
0.1442885845899582
0.146292582154274
0.14829659461975098
0.15030060708522797
0.15230460464954376
0.15430861711502075
0.15631262958049774
0.15831662714481354
0.16032063961029053
0.16232465207576752
0.1643286645412445
0.1663326621055603
0.1683366745710373
0.17034068703651428
0.17234468460083008
0.17434869706630707
0.17635270953178406
0.17835670709609985
0.18036071956157684
0.18236473202705383
0.18436874449253082
0.18637274205684662
0.1883767545223236
0.1903807669878006
0.1923847645521164
0.1923847645521164
0.19438877701759338
0.19639278948307037
0.19839678704738617
0.19839678704738617
0.20040079951286316
0.20240481197834015
0.20440882444381714
0.20641282200813293
0.20841683447360992
0.21042084693908691
0.2124248445034027
0.2144288569688797
0.2164328694343567
0.21843686699867249
0.22044087946414948
0.22244489192962646
0.22444890439510345
0.22645290195941925
0.22845691442489624
0.23046092689037323
0.23246492445468903
0.23446893692016602
0.236472949385643
0.2384769469499588
0.2404809594154358
0.24248497188091278
0.24448898434638977
0.24649298191070557
0.24849699437618256
0.25050100684165955
0.25250500440597534
0.2545090317726135
0.2565130293369293
0.2585170269012451
0.2605210542678833
0.2625250518321991
0.2645290493965149
0.2665330767631531
0.26853707432746887
0.27054107189178467
0.27254509925842285
0.27454909682273865
0.27655309438705444
0.2785571217536926
0.2805611193180084
0.2825651168823242
0.2845691442489624
0.2865731418132782
0.2885771691799164
0.2905811667442322
0.292585164308548
0.29458919167518616
0.29659318923950195
0.29859718680381775
0.30060121417045593
0.30260521173477173
0.3046092092990875
0.3066132366657257
0.3086172342300415
0.3106212317943573
0.3126252591609955
0.3146292567253113
0.3166332542896271
0.31863728165626526
0.32064127922058105
0.32264527678489685
0.32464930415153503
0.32665330171585083
0.328657329082489
0.3306613266468048
0.3326653242111206
0.3346693515777588
0.3366733491420746
0.3386773467063904
0.34068137407302856
0.34268537163734436
0.34468936920166016
0.34669339656829834
0.34869739413261414
0.35070139169692993
0.3527054190635681
0.3547094166278839
0.3567134141921997
0.3587174415588379
0.3607214391231537
0.3627254366874695
0.36472946405410767
0.36673346161842346
0.36873748898506165
0.37074148654937744
0.37274548411369324
0.3747495114803314
0.3767535090446472
0.378757506608963
0.3807615339756012
0.382765531539917
0.3847695291042328
0.38677355647087097
0.38877755403518677
0.39078155159950256
0.39278557896614075
0.39478957653045654
0.39679357409477234
0.3987976014614105
0.4008015990257263
0.4028055965900421
0.4048096239566803
0.4068136215209961
0.4088176488876343
0.4108216464519501
0.41282564401626587
0.41482967138290405
0.41683366894721985
0.41883766651153564
0.42084169387817383
0.4228456914424896
0.4248496890068054
0.4268537163734436
0.4288577139377594
0.4308617115020752
0.4328657388687134
0.4348697364330292
0.43687373399734497
0.43887776136398315
0.44088175892829895
0.44288578629493713
0.44488978385925293
0.4468937814235687
0.4488978087902069
0.4509018063545227
0.4529058039188385
0.4549098312854767
0.4569138288497925
0.4589178264141083
0.46092185378074646
0.46292585134506226
0.46492984890937805
0.46693387627601624
0.46893787384033203
0.4709418714046478
0.472945898771286
0.4749498963356018
0.4769538938999176
0.4789579212665558
0.4809619188308716
0.48296594619750977
0.48296594619750977
0.48496994376182556
0.48697394132614136
0.48897796869277954
0.49098196625709534
0.49298596382141113
0.4949899911880493
0.4969939887523651
0.4989979863166809
0.5010020136833191
0.5030060410499573
0.5050100088119507
0.5070140361785889
0.509018063545227
0.5110220313072205
0.5130260586738586
0.5150300860404968
0.5170340538024902
0.5170340538024902
0.5190380811691284
0.5190380811691284
0.5210421085357666
0.52304607629776
0.5250501036643982
0.5270541310310364
0.5290580987930298
0.531062126159668
0.5330661535263062
0.5350701212882996
0.5370741486549377
0.5390781760215759
0.5410821437835693
0.5430861711502075
0.5450901985168457
0.5470941662788391
0.5490981936454773
0.5511022210121155
0.5531061887741089
0.5551102161407471
0.5571142435073853
0.5591182112693787
0.5611222386360168
0.563126266002655
0.5651302337646484
0.5671342611312866
0.5691382884979248
0.5711422562599182
0.5731462836265564
0.5751503109931946
0.5771543383598328
0.5791583061218262
0.5811623334884644
0.5831663608551025
0.585170328617096
0.5871743559837341
0.5891783833503723
0.5911823511123657
0.5931863784790039
0.5951904058456421
0.5971943736076355
0.5991984009742737
0.6012024283409119
0.6032063961029053
0.6052104234695435
0.6072144508361816
0.609218418598175
0.6112224459648132
0.6112224459648132
0.6132264733314514
0.6152304410934448
0.617234468460083
0.6192384958267212
0.6212424635887146
0.6212424635887146
0.6232464909553528
0.625250518321991
0.6272544860839844
0.6292585134506226
0.6312625408172607
0.6332665085792542
0.6352705359458923
0.6372745633125305
0.6392785310745239
0.6412825584411621
0.6432865858078003
0.6452905535697937
0.6472945809364319
0.6492986083030701
0.6513025760650635
0.6533066034317017
0.6553106307983398
0.657314658164978
0.6593186259269714
0.6613226532936096
0.6633266806602478
0.6653306484222412
0.6653306484222412
0.6673346757888794
0.6693387031555176
0.6693387031555176
0.671342670917511
0.6733466982841492
0.6753507256507874
0.6753507256507874
0.6773546934127808
0.679358720779419
0.6813627481460571
0.6833667159080505
0.6853707432746887
0.6853707432746887
0.6873747706413269
0.6893787384033203
0.6913827657699585
0.6933867931365967
0.6953907608985901
0.6973947882652283
0.6993988156318665
0.7014027833938599
0.7014027833938599
0.703406810760498
0.7054108381271362
0.7054108381271362
0.7074148058891296
0.7094188332557678
0.711422860622406
0.7134268283843994
0.7154308557510376
0.7174348831176758
0.7194388508796692
0.7214428782463074
0.7234469056129456
0.725450873374939
0.7274549007415771
0.7294589281082153
0.7294589281082153
0.7314629554748535
0.7334669232368469
0.7354709506034851
0.7374749779701233
0.7394789457321167
0.7414829730987549
0.7414829730987549
0.7434870004653931
0.7434870004653931
0.7454909682273865
0.7474949955940247
0.7494990229606628
0.7515029907226562
0.7535070180892944
0.7555110454559326
0.7555110454559326
0.757515013217926
0.7595190405845642
0.7615230679512024
0.7635270357131958
0.765531063079834
0.7675350904464722
0.7695390582084656
0.7715430855751038
0.7735471129417419
0.7755510807037354
0.7775551080703735
0.7795591354370117
0.7815631031990051
0.7835671305656433
0.7855711579322815
0.7875751256942749
0.7895791530609131
0.7915831804275513
0.7935871481895447
0.7955911755561829
0.7955911755561829
0.797595202922821
0.7995991706848145
0.7995991706848145
0.7995991706848145
0.8016031980514526
0.8036072254180908
0.8056111931800842
0.8076152205467224
0.8096192479133606
0.8116232752799988
0.8136272430419922
0.8136272430419922
0.8156312704086304
0.8176352977752686
0.819639265537262
0.8216432929039001
0.8236473202705383
0.8256512880325317
0.8276553153991699
0.8276553153991699
0.8276553153991699
0.8276553153991699
0.8296593427658081
0.8296593427658081
0.8316633105278015
0.8316633105278015
0.8316633105278015
0.8336673378944397
0.8356713652610779
0.8376753330230713
0.8376753330230713
0.8396793603897095
0.8396793603897095
0.8416833877563477
0.8416833877563477
0.8436873555183411
0.8436873555183411
0.8436873555183411
0.8436873555183411
0.8456913828849792
0.8456913828849792
0.8476954102516174
0.8476954102516174
0.8496993780136108
0.851703405380249
0.8537074327468872
0.8557114005088806
0.8577154278755188
0.859719455242157
0.859719455242157
0.859719455242157
0.859719455242157
0.859719455242157
0.8617234230041504
0.8617234230041504
0.8617234230041504
0.8617234230041504
0.8637274503707886
0.8657314777374268
0.8657314777374268
0.8677354454994202
0.8697394728660583
0.8717435002326965
0.8737474679946899
0.8737474679946899
0.8737474679946899
0.8757514953613281
0.8757514953613281
0.8777555227279663
0.8797594904899597
0.8817635178565979
0.8817635178565979
0.8837675452232361
0.8837675452232361
0.8857715725898743
0.8877755403518677
0.8877755403518677
0.8877755403518677
0.8897795677185059
0.8897795677185059
0.8897795677185059
0.8897795677185059
0.8897795677185059
0.891783595085144
0.891783595085144
0.8937875628471375
0.8937875628471375
0.8957915902137756
0.8957915902137756
0.8977956175804138
0.8997995853424072
0.8997995853424072
0.8997995853424072
0.8997995853424072
0.8997995853424072
0.9018036127090454
0.9018036127090454
0.9018036127090454
0.9038076400756836
0.905811607837677
0.905811607837677
0.9078156352043152
0.9098196625709534
0.9098196625709534
0.9118236303329468
0.9118236303329468
0.9118236303329468
0.9118236303329468
0.913827657699585
0.913827657699585
0.913827657699585
0.913827657699585
0.913827657699585
0.913827657699585
0.913827657699585
0.9158316850662231
0.9158316850662231
0.9158316850662231
0.9158316850662231
0.9158316850662231
0.9158316850662231
0.9158316850662231
0.9158316850662231
0.9158316850662231
0.9158316850662231
0.9158316850662231
0.9158316850662231
0.9158316850662231
0.9158316850662231
0.9178356528282166
0.9178356528282166
0.9178356528282166
0.9178356528282166
0.9178356528282166
0.9178356528282166
0.9178356528282166
0.9178356528282166
0.9178356528282166
0.9178356528282166
0.9198396801948547
0.9218437075614929
0.9218437075614929
0.9238476753234863
0.9238476753234863
0.9238476753234863
0.9238476753234863
0.9238476753234863
0.9238476753234863
0.9238476753234863
0.9238476753234863
0.9238476753234863
0.9238476753234863
0.9258517026901245
0.9278557300567627
0.9278557300567627
0.9278557300567627
0.9278557300567627
0.9278557300567627
0.9298596978187561
0.9298596978187561
1.0
0.0
0.0045045046135783195
0.009009009227156639
0.013513513840734959
0.018018018454313278
0.022522522136569023
0.027027027681469917
0.03153153136372566
0.036036036908626556
0.04054053872823715
0.045045044273138046
0.04954954981803894
0.054054055362939835
0.05855855718255043
0.06306306272745132
0.06756756454706192
0.07207207381725311
0.07657657563686371
0.0810810774564743
0.0855855867266655
0.09009008854627609
0.09459459781646729
0.09909909963607788
0.10360360145568848
0.10810811072587967
0.11261261254549026
0.11711711436510086
0.12162162363529205
0.12612612545490265
0.13063062727451324
0.13513512909412384
0.13963964581489563
0.14414414763450623
0.14864864945411682
0.15315315127372742
0.157657653093338
0.1621621549129486
0.1666666716337204
0.171171173453331
0.1756756752729416
0.18018017709255219
0.18468467891216278
0.18918919563293457
0.19369369745254517
0.19819819927215576
0.20270270109176636
0.20720720291137695
0.21171170473098755
0.21171170473098755
0.21621622145175934
0.21621622145175934
0.22072072327136993
0.22522522509098053
0.22972972691059113
0.23423422873020172
0.2387387454509735
0.2432432472705841
0.2477477490901947
0.2522522509098053
0.2567567527294159
0.2612612545490265
0.2657657563686371
0.2702702581882477
0.2747747600078583
0.27927929162979126
0.28378379344940186
0.28828829526901245
0.29279279708862305
0.29729729890823364
0.30180180072784424
0.30630630254745483
0.31081080436706543
0.315315306186676
0.3198198080062866
0.3243243098258972
0.3288288414478302
0.3333333432674408
0.3378378450870514
0.342342346906662
0.3468468487262726
0.3513513505458832
0.3558558523654938
0.36036035418510437
0.36486485600471497
0.36936935782432556
0.37387385964393616
0.37837839126586914
0.38288289308547974
0.38738739490509033
0.3918918967247009
0.3963963985443115
0.4009009003639221
0.4054054021835327
0.4099099040031433
0.4144144058227539
0.4189189076423645
0.4234234094619751
0.4279279410839081
0.4324324429035187
0.4369369447231293
0.44144144654273987
0.44594594836235046
0.45045045018196106
0.45495495200157166
0.45945945382118225
0.46396395564079285
0.46846845746040344
0.47297295928001404
0.477477490901947
0.4819819927215576
0.4864864945411682
0.4909909963607788
0.4954954981803894
0.5
0.5045045018196106
0.5090090036392212
0.5090090036392212
0.5135135054588318
0.5180180072784424
0.522522509098053
0.5270270109176636
0.5315315127372742
0.5360360145568848
0.5405405163764954
0.545045018196106
0.5495495200157166
0.5540540814399719
0.5585585832595825
0.5630630850791931
0.5675675868988037
0.5720720887184143
0.5765765905380249
0.5810810923576355
0.5855855941772461
0.5900900959968567
0.5945945978164673
0.5990990996360779
0.6036036014556885
0.6081081032752991
0.6081081032752991
0.6126126050949097
0.6171171069145203
0.6216216087341309
0.6261261105537415
0.630630612373352
0.6351351141929626
0.6396396160125732
0.6441441178321838
0.6486486196517944
0.6531531810760498
0.6531531810760498
0.6576576828956604
0.662162184715271
0.662162184715271
0.6666666865348816
0.6666666865348816
0.6711711883544922
0.6756756901741028
0.6801801919937134
0.684684693813324
0.6891891956329346
0.6891891956329346
0.6936936974525452
0.6936936974525452
0.6981981992721558
0.7027027010917664
0.707207202911377
0.7117117047309875
0.7162162065505981
0.7162162065505981
0.7207207083702087
0.7252252101898193
0.7252252101898193
0.7297297120094299
0.7342342138290405
0.7387387156486511
0.7432432174682617
0.7477477192878723
0.7522522807121277
0.7567567825317383
0.7612612843513489
0.7657657861709595
0.7702702879905701
0.7747747898101807
0.7792792916297913
0.7792792916297913
0.7837837934494019
0.7837837934494019
0.7882882952690125
0.792792797088623
0.7972972989082336
0.8018018007278442
0.8018018007278442
0.8063063025474548
0.8108108043670654
0.815315306186676
0.8198198080062866
0.8243243098258972
0.8243243098258972
0.8243243098258972
0.8288288116455078
0.8333333134651184
0.8333333134651184
0.8333333134651184
0.837837815284729
0.8423423171043396
0.8468468189239502
0.8468468189239502
0.8513513803482056
0.8513513803482056
0.8558558821678162
0.8558558821678162
0.8558558821678162
0.8558558821678162
0.8558558821678162
0.8558558821678162
0.8603603839874268
0.8648648858070374
0.869369387626648
0.869369387626648
0.869369387626648
0.869369387626648
0.869369387626648
0.8738738894462585
0.8783783912658691
0.8828828930854797
0.8873873949050903
0.8918918967247009
0.8918918967247009
0.8963963985443115
0.9009009003639221
0.9054054021835327
0.9054054021835327
0.9054054021835327
0.9054054021835327
0.9054054021835327
0.9054054021835327
0.9054054021835327
0.9054054021835327
0.9099099040031433
0.9099099040031433
0.9144144058227539
0.9144144058227539
0.9189189076423645
0.9234234094619751
0.9234234094619751
0.9234234094619751
0.9279279112815857
0.9324324131011963
0.9324324131011963
0.9369369149208069
0.9369369149208069
0.9414414167404175
0.9414414167404175
0.9414414167404175
0.9414414167404175
0.9414414167404175
0.9414414167404175
0.9414414167404175
0.9414414167404175
0.9414414167404175
0.9414414167404175
0.9414414167404175
0.9414414167404175
0.9414414167404175
0.9414414167404175
0.9414414167404175
0.9414414167404175
0.9414414167404175
0.9414414167404175
0.9414414167404175
0.9459459185600281
0.9459459185600281
0.9459459185600281
0.9459459185600281
0.9504504799842834
0.9504504799842834
1.0
0.0
0.0
0.0
0.0
0.0
0.0
0.0
0.0
0.1111111119389534
0.2222222238779068
0.3333333432674408
0.3333333432674408
0.4444444477558136
0.4444444477558136
0.4444444477558136
0.5555555820465088
0.5555555820465088
0.6666666865348816
0.6666666865348816
0.6666666865348816
0.7777777910232544
0.7777777910232544
0.7777777910232544
0.7777777910232544
0.7777777910232544
0.7777777910232544
0.7777777910232544
0.7777777910232544
0.7777777910232544
0.7777777910232544
0.7777777910232544
0.7777777910232544
0.7777777910232544
0.7777777910232544
0.7777777910232544
0.7777777910232544
0.7777777910232544
0.7777777910232544
0.7777777910232544
0.7777777910232544
0.7777777910232544
0.7777777910232544
0.7777777910232544
0.7777777910232544
0.7777777910232544
0.7777777910232544
1.0
0.0
0.0
0.0
0.1111111119389534
0.1111111119389534
0.1111111119389534
0.2222222238779068
0.2222222238779068
0.2222222238779068
0.2222222238779068
0.2222222238779068
0.3333333432674408
0.3333333432674408
0.3333333432674408
0.4444444477558136
0.4444444477558136
0.5555555820465088
0.5555555820465088
0.5555555820465088
0.6666666865348816
0.6666666865348816
0.6666666865348816
0.6666666865348816
0.6666666865348816
0.6666666865348816
0.6666666865348816
0.6666666865348816
0.7777777910232544
0.7777777910232544
0.7777777910232544
0.7777777910232544
0.7777777910232544
0.7777777910232544
0.7777777910232544
0.7777777910232544
0.7777777910232544
0.7777777910232544
0.7777777910232544
0.7777777910232544
0.7777777910232544
0.7777777910232544
0.7777777910232544
0.7777777910232544
0.7777777910232544
0.7777777910232544
0.7777777910232544
0.7777777910232544
0.7777777910232544
0.7777777910232544
0.7777777910232544
1.0
0.0
0.0
0.0
0.0
0.0
0.0
0.0
0.0
0.1111111119389534
0.2222222238779068
0.3333333432674408
0.3333333432674408
0.4444444477558136
0.4444444477558136
0.4444444477558136
0.5555555820465088
0.5555555820465088
0.6666666865348816
0.6666666865348816
0.6666666865348816
0.7777777910232544
0.7777777910232544
0.7777777910232544
0.7777777910232544
0.7777777910232544
0.7777777910232544
0.7777777910232544
0.7777777910232544
0.7777777910232544
0.7777777910232544
0.7777777910232544
0.7777777910232544
0.7777777910232544
0.7777777910232544
0.7777777910232544
0.7777777910232544
0.7777777910232544
0.7777777910232544
0.7777777910232544
0.7777777910232544
0.7777777910232544
0.7777777910232544
0.7777777910232544
0.7777777910232544
0.7777777910232544
0.7777777910232544
1.0
0.0
0.0
0.0
0.1111111119389534
0.1111111119389534
0.1111111119389534
0.2222222238779068
0.2222222238779068
0.2222222238779068
0.2222222238779068
0.2222222238779068
0.3333333432674408
0.3333333432674408
0.3333333432674408
0.4444444477558136
0.4444444477558136
0.5555555820465088
0.5555555820465088
0.5555555820465088
0.6666666865348816
0.6666666865348816
0.6666666865348816
0.6666666865348816
0.6666666865348816
0.6666666865348816
0.6666666865348816
0.6666666865348816
0.7777777910232544
0.7777777910232544
0.7777777910232544
0.7777777910232544
0.7777777910232544
0.7777777910232544
0.7777777910232544
0.7777777910232544
0.7777777910232544
0.7777777910232544
0.7777777910232544
0.7777777910232544
0.7777777910232544
0.7777777910232544
0.7777777910232544
0.7777777910232544
0.7777777910232544
0.7777777910232544
0.7777777910232544
0.7777777910232544
0.7777777910232544
0.7777777910232544
0.7777777910232544
1.0
0.0
0.0
0.0
0.0
0.0
0.0
0.0
0.0
0.0
0.0
0.0
0.0
0.0
0.020408162847161293
0.020408162847161293
0.020408162847161293
0.020408162847161293
0.020408162847161293
0.020408162847161293
0.020408162847161293
0.020408162847161293
0.020408162847161293
0.020408162847161293
0.020408162847161293
0.020408162847161293
0.020408162847161293
0.020408162847161293
0.020408162847161293
0.040816325694322586
0.040816325694322586
0.040816325694322586
0.040816325694322586
0.040816325694322586
0.040816325694322586
0.040816325694322586
0.040816325694322586
0.040816325694322586
0.040816325694322586
0.06122449040412903
0.06122449040412903
0.06122449040412903
0.08163265138864517
0.08163265138864517
0.08163265138864517
0.08163265138864517
0.08163265138864517
0.08163265138864517
0.08163265138864517
0.08163265138864517
0.08163265138864517
0.08163265138864517
0.10204081982374191
0.12244898080825806
0.12244898080825806
0.12244898080825806
0.1428571492433548
0.1428571492433548
0.1428571492433548
0.1428571492433548
0.1428571492433548
0.1428571492433548
0.1428571492433548
0.1428571492433548
0.1428571492433548
0.1428571492433548
0.16326530277729034
0.18367347121238708
0.18367347121238708
0.18367347121238708
0.18367347121238708
0.18367347121238708
0.18367347121238708
0.18367347121238708
0.20408163964748383
0.20408163964748383
0.20408163964748383
0.22448979318141937
0.22448979318141937
0.2448979616165161
0.2448979616165161
0.2448979616165161
0.2448979616165161
0.26530611515045166
0.26530611515045166
0.26530611515045166
0.2857142984867096
0.2857142984867096
0.2857142984867096
0.2857142984867096
0.2857142984867096
0.2857142984867096
0.2857142984867096
0.30612245202064514
0.30612245202064514
0.3265306055545807
0.3265306055545807
0.3265306055545807
0.3265306055545807
0.3265306055545807
0.3265306055545807
0.3265306055545807
0.3265306055545807
0.3469387888908386
0.36734694242477417
0.3877550959587097
0.3877550959587097
0.3877550959587097
0.40816327929496765
0.40816327929496765
0.4285714328289032
0.4285714328289032
1.0
0.0
0.0
0.0
0.0
0.020408162847161293
0.020408162847161293
0.020408162847161293
0.020408162847161293
0.020408162847161293
0.020408162847161293
0.020408162847161293
0.020408162847161293
0.040816325694322586
0.040816325694322586
0.040816325694322586
0.06122449040412903
0.06122449040412903
0.06122449040412903
0.08163265138864517
0.08163265138864517
0.08163265138864517
0.08163265138864517
0.08163265138864517
0.08163265138864517
0.08163265138864517
0.08163265138864517
0.08163265138864517
0.08163265138864517
0.08163265138864517
0.08163265138864517
0.08163265138864517
0.08163265138864517
0.08163265138864517
0.08163265138864517
0.08163265138864517
0.08163265138864517
0.08163265138864517
0.08163265138864517
0.08163265138864517
0.08163265138864517
0.08163265138864517
0.08163265138864517
0.08163265138864517
0.08163265138864517
0.08163265138864517
0.08163265138864517
0.10204081982374191
0.12244898080825806
0.12244898080825806
0.1428571492433548
0.1428571492433548
0.1428571492433548
0.16326530277729034
0.16326530277729034
0.16326530277729034
0.16326530277729034
0.18367347121238708
0.18367347121238708
0.18367347121238708
0.18367347121238708
0.18367347121238708
0.18367347121238708
0.20408163964748383
0.20408163964748383
0.20408163964748383
0.22448979318141937
0.2448979616165161
0.26530611515045166
0.26530611515045166
0.26530611515045166
0.2857142984867096
0.2857142984867096
0.2857142984867096
0.2857142984867096
0.2857142984867096
0.2857142984867096
0.30612245202064514
0.30612245202064514
0.30612245202064514
0.3265306055545807
0.3265306055545807
0.3265306055545807
0.3469387888908386
0.3469387888908386
0.36734694242477417
0.3877550959587097
0.3877550959587097
0.3877550959587097
0.3877550959587097
0.3877550959587097
0.3877550959587097
0.40816327929496765
0.40816327929496765
0.40816327929496765
0.4285714328289032
0.4285714328289032
0.44897958636283875
0.44897958636283875
0.44897958636283875
0.44897958636283875
0.44897958636283875
0.4693877696990967
0.4693877696990967
0.4693877696990967
0.4693877696990967
0.4693877696990967
0.4693877696990967
0.4897959232330322
0.4897959232330322
0.4897959232330322
0.5102040767669678
0.5102040767669678
0.5102040767669678
0.5102040767669678
0.5306122303009033
0.5306122303009033
0.5306122303009033
0.5306122303009033
0.5306122303009033
0.5510203838348389
0.5510203838348389
0.5714285969734192
0.5714285969734192
0.5714285969734192
0.5714285969734192
0.5714285969734192
0.5714285969734192
0.5714285969734192
0.5714285969734192
0.5918367505073547
0.6122449040412903
0.6122449040412903
0.6122449040412903
1.0
0.0
0.0
0.0
0.0
0.0
0.0
0.0
0.0
0.0
0.0
0.0
0.0
0.0
0.020408162847161293
0.020408162847161293
0.020408162847161293
0.020408162847161293
0.020408162847161293
0.020408162847161293
0.020408162847161293
0.020408162847161293
0.020408162847161293
0.020408162847161293
0.020408162847161293
0.020408162847161293
0.020408162847161293
0.020408162847161293
0.020408162847161293
0.040816325694322586
0.040816325694322586
0.040816325694322586
0.040816325694322586
0.040816325694322586
0.040816325694322586
0.040816325694322586
0.040816325694322586
0.040816325694322586
0.040816325694322586
0.06122449040412903
0.06122449040412903
0.06122449040412903
0.08163265138864517
0.08163265138864517
0.08163265138864517
0.08163265138864517
0.08163265138864517
0.08163265138864517
0.08163265138864517
0.08163265138864517
0.08163265138864517
0.08163265138864517
0.10204081982374191
0.12244898080825806
0.12244898080825806
0.12244898080825806
0.1428571492433548
0.1428571492433548
0.1428571492433548
0.1428571492433548
0.1428571492433548
0.1428571492433548
0.1428571492433548
0.1428571492433548
0.1428571492433548
0.1428571492433548
0.16326530277729034
0.18367347121238708
0.18367347121238708
0.18367347121238708
0.18367347121238708
0.18367347121238708
0.18367347121238708
0.18367347121238708
0.20408163964748383
0.20408163964748383
0.20408163964748383
0.22448979318141937
0.22448979318141937
0.2448979616165161
0.2448979616165161
0.2448979616165161
0.2448979616165161
0.26530611515045166
0.26530611515045166
0.26530611515045166
0.2857142984867096
0.2857142984867096
0.2857142984867096
0.2857142984867096
0.2857142984867096
0.2857142984867096
0.2857142984867096
0.30612245202064514
0.30612245202064514
0.3265306055545807
0.3265306055545807
0.3265306055545807
0.3265306055545807
0.3265306055545807
0.3265306055545807
0.3265306055545807
0.3265306055545807
0.3469387888908386
0.36734694242477417
0.3877550959587097
0.3877550959587097
0.3877550959587097
0.40816327929496765
0.40816327929496765
0.4285714328289032
0.4285714328289032
1.0
0.0
0.0
0.0
0.0
0.020408162847161293
0.020408162847161293
0.020408162847161293
0.020408162847161293
0.020408162847161293
0.020408162847161293
0.020408162847161293
0.020408162847161293
0.040816325694322586
0.040816325694322586
0.040816325694322586
0.06122449040412903
0.06122449040412903
0.06122449040412903
0.08163265138864517
0.08163265138864517
0.08163265138864517
0.08163265138864517
0.08163265138864517
0.08163265138864517
0.08163265138864517
0.08163265138864517
0.08163265138864517
0.08163265138864517
0.08163265138864517
0.08163265138864517
0.08163265138864517
0.08163265138864517
0.08163265138864517
0.08163265138864517
0.08163265138864517
0.08163265138864517
0.08163265138864517
0.08163265138864517
0.08163265138864517
0.08163265138864517
0.08163265138864517
0.08163265138864517
0.08163265138864517
0.08163265138864517
0.08163265138864517
0.08163265138864517
0.10204081982374191
0.12244898080825806
0.12244898080825806
0.1428571492433548
0.1428571492433548
0.1428571492433548
0.16326530277729034
0.16326530277729034
0.16326530277729034
0.16326530277729034
0.18367347121238708
0.18367347121238708
0.18367347121238708
0.18367347121238708
0.18367347121238708
0.18367347121238708
0.20408163964748383
0.20408163964748383
0.20408163964748383
0.22448979318141937
0.2448979616165161
0.26530611515045166
0.26530611515045166
0.26530611515045166
0.2857142984867096
0.2857142984867096
0.2857142984867096
0.2857142984867096
0.2857142984867096
0.2857142984867096
0.30612245202064514
0.30612245202064514
0.30612245202064514
0.3265306055545807
0.3265306055545807
0.3265306055545807
0.3469387888908386
0.3469387888908386
0.36734694242477417
0.3877550959587097
0.3877550959587097
0.3877550959587097
0.3877550959587097
0.3877550959587097
0.3877550959587097
0.40816327929496765
0.40816327929496765
0.40816327929496765
0.4285714328289032
0.4285714328289032
0.44897958636283875
0.44897958636283875
0.44897958636283875
0.44897958636283875
0.44897958636283875
0.4693877696990967
0.4693877696990967
0.4693877696990967
0.4693877696990967
0.4693877696990967
0.4693877696990967
0.4897959232330322
0.4897959232330322
0.4897959232330322
0.5102040767669678
0.5102040767669678
0.5102040767669678
0.5102040767669678
0.5306122303009033
0.5306122303009033
0.5306122303009033
0.5306122303009033
0.5306122303009033
0.5510203838348389
0.5510203838348389
0.5714285969734192
0.5714285969734192
0.5714285969734192
0.5714285969734192
0.5714285969734192
0.5714285969734192
0.5714285969734192
0.5714285969734192
0.5918367505073547
0.6122449040412903
0.6122449040412903
0.6122449040412903
1.0
0.0
0.0
0.0
0.0
0.0
0.0
0.0
0.01587301678955555
0.01587301678955555
0.0317460335791111
0.0317460335791111
0.0317460335791111
0.0317460335791111
0.0317460335791111
0.0317460335791111
0.0317460335791111
0.0317460335791111
0.0317460335791111
0.0317460335791111
0.0317460335791111
0.0476190485060215
0.0476190485060215
0.0476190485060215
0.0476190485060215
0.0476190485060215
0.0476190485060215
0.0476190485060215
0.0476190485060215
0.0476190485060215
0.0476190485060215
0.0476190485060215
0.0476190485060215
0.0476190485060215
0.0476190485060215
0.0476190485060215
0.0476190485060215
0.0476190485060215
0.0476190485060215
0.0476190485060215
0.0476190485060215
0.0634920671582222
0.0634920671582222
0.0793650820851326
0.0793650820851326
0.0793650820851326
0.0793650820851326
0.0793650820851326
0.0793650820851326
0.0793650820851326
0.0793650820851326
0.0793650820851326
0.0793650820851326
0.0793650820851326
0.0793650820851326
0.095238097012043
0.095238097012043
0.095238097012043
0.1111111119389534
0.1111111119389534
0.1111111119389534
0.1111111119389534
0.1111111119389534
0.1111111119389534
0.1111111119389534
0.1111111119389534
0.1111111119389534
0.1111111119389534
0.1111111119389534
0.1269841343164444
0.1269841343164444
0.1269841343164444
0.1269841343164444
0.1269841343164444
0.1269841343164444
0.1269841343164444
0.1269841343164444
0.1269841343164444
0.1269841343164444
0.1428571492433548
0.1428571492433548
0.1428571492433548
0.1428571492433548
0.1428571492433548
0.1428571492433548
0.1428571492433548
0.1428571492433548
0.1428571492433548
0.1428571492433548
0.1428571492433548
0.1428571492433548
0.1428571492433548
0.1428571492433548
0.1428571492433548
0.1428571492433548
0.1428571492433548
0.1428571492433548
0.1428571492433548
0.1587301641702652
0.1587301641702652
0.1587301641702652
0.1587301641702652
0.1587301641702652
0.1587301641702652
0.1587301641702652
0.1587301641702652
0.1587301641702652
0.1587301641702652
0.1587301641702652
0.1746031790971756
0.1746031790971756
0.1746031790971756
0.1746031790971756
0.1746031790971756
0.1746031790971756
0.1746031790971756
0.1746031790971756
0.1746031790971756
0.1746031790971756
0.1746031790971756
0.1746031790971756
0.1746031790971756
0.1746031790971756
0.1746031790971756
0.1746031790971756
0.1746031790971756
0.1746031790971756
0.1746031790971756
0.1746031790971756
0.1746031790971756
0.1746031790971756
0.1746031790971756
0.1746031790971756
0.1746031790971756
0.1746031790971756
0.1746031790971756
0.190476194024086
0.190476194024086
0.190476194024086
0.190476194024086
0.190476194024086
1.0
0.0
0.0
0.0
0.01587301678955555
0.01587301678955555
0.0317460335791111
0.0317460335791111
0.0317460335791111
0.0317460335791111
0.0317460335791111
0.0476190485060215
0.0476190485060215
0.0476190485060215
0.0634920671582222
0.0634920671582222
0.0634920671582222
0.0634920671582222
0.0634920671582222
0.0793650820851326
0.0793650820851326
0.0793650820851326
0.0793650820851326
0.095238097012043
0.095238097012043
0.095238097012043
0.095238097012043
0.095238097012043
0.095238097012043
0.095238097012043
0.095238097012043
0.095238097012043
0.095238097012043
0.095238097012043
0.1111111119389534
0.1111111119389534
0.1111111119389534
0.1111111119389534
0.1111111119389534
0.1111111119389534
0.1111111119389534
0.1111111119389534
0.1111111119389534
0.1111111119389534
0.1111111119389534
0.1111111119389534
0.1111111119389534
0.1111111119389534
0.1111111119389534
0.1111111119389534
0.1111111119389534
0.1269841343164444
0.1269841343164444
0.1269841343164444
0.1269841343164444
0.1428571492433548
0.1428571492433548
0.1428571492433548
0.1587301641702652
0.1587301641702652
0.1587301641702652
0.1587301641702652
0.1587301641702652
0.1587301641702652
0.1587301641702652
0.1587301641702652
0.1587301641702652
0.1587301641702652
0.1587301641702652
0.1587301641702652
0.1587301641702652
0.1587301641702652
0.1587301641702652
0.1587301641702652
0.1746031790971756
0.1746031790971756
0.190476194024086
0.190476194024086
0.2063492089509964
0.2222222238779068
0.2380952388048172
0.2380952388048172
0.2380952388048172
0.2539682686328888
0.2539682686328888
0.2539682686328888
0.2698412835597992
0.2857142984867096
0.2857142984867096
0.2857142984867096
0.2857142984867096
0.2857142984867096
0.2857142984867096
0.2857142984867096
0.2857142984867096
0.2857142984867096
0.2857142984867096
0.2857142984867096
0.2857142984867096
0.2857142984867096
0.2857142984867096
0.2857142984867096
0.2857142984867096
0.2857142984867096
0.2857142984867096
0.30158731341362
0.30158731341362
0.30158731341362
0.30158731341362
0.30158731341362
0.30158731341362
0.3174603283405304
0.3174603283405304
0.3174603283405304
0.3174603283405304
0.3174603283405304
0.3333333432674408
0.3333333432674408
0.3333333432674408
0.3333333432674408
0.3333333432674408
0.3492063581943512
0.3492063581943512
0.3492063581943512
0.3650793731212616
0.380952388048172
0.380952388048172
0.3968254029750824
0.3968254029750824
0.3968254029750824
0.3968254029750824
0.3968254029750824
0.3968254029750824
0.3968254029750824
0.3968254029750824
0.3968254029750824
0.3968254029750824
0.3968254029750824
0.3968254029750824
0.3968254029750824
0.3968254029750824
0.4126984179019928
0.4126984179019928
0.4126984179019928
0.4126984179019928
0.4126984179019928
0.4126984179019928
0.4126984179019928
0.4126984179019928
0.4285714328289032
0.4285714328289032
0.4285714328289032
0.4285714328289032
0.4285714328289032
0.4285714328289032
0.4285714328289032
0.4285714328289032
0.4444444477558136
0.4444444477558136
0.460317462682724
0.460317462682724
0.4761904776096344
0.4761904776096344
0.4920634925365448
0.4920634925365448
0.4920634925365448
0.4920634925365448
0.4920634925365448
0.4920634925365448
0.4920634925365448
0.4920634925365448
0.5079365372657776
0.5079365372657776
0.5079365372657776
0.5079365372657776
0.5079365372657776
0.5079365372657776
0.5079365372657776
0.5079365372657776
0.5079365372657776
0.5079365372657776
0.5079365372657776
0.5079365372657776
0.5079365372657776
0.5079365372657776
0.523809552192688
0.523809552192688
1.0
0.0
0.0
0.0
0.0
0.0
0.0
0.0
0.01587301678955555
0.01587301678955555
0.0317460335791111
0.0317460335791111
0.0317460335791111
0.0317460335791111
0.0317460335791111
0.0317460335791111
0.0317460335791111
0.0317460335791111
0.0317460335791111
0.0317460335791111
0.0317460335791111
0.0476190485060215
0.0476190485060215
0.0476190485060215
0.0476190485060215
0.0476190485060215
0.0476190485060215
0.0476190485060215
0.0476190485060215
0.0476190485060215
0.0476190485060215
0.0476190485060215
0.0476190485060215
0.0476190485060215
0.0476190485060215
0.0476190485060215
0.0476190485060215
0.0476190485060215
0.0476190485060215
0.0476190485060215
0.0476190485060215
0.0634920671582222
0.0634920671582222
0.0793650820851326
0.0793650820851326
0.0793650820851326
0.0793650820851326
0.0793650820851326
0.0793650820851326
0.0793650820851326
0.0793650820851326
0.0793650820851326
0.0793650820851326
0.0793650820851326
0.0793650820851326
0.095238097012043
0.095238097012043
0.095238097012043
0.1111111119389534
0.1111111119389534
0.1111111119389534
0.1111111119389534
0.1111111119389534
0.1111111119389534
0.1111111119389534
0.1111111119389534
0.1111111119389534
0.1111111119389534
0.1111111119389534
0.1269841343164444
0.1269841343164444
0.1269841343164444
0.1269841343164444
0.1269841343164444
0.1269841343164444
0.1269841343164444
0.1269841343164444
0.1269841343164444
0.1269841343164444
0.1428571492433548
0.1428571492433548
0.1428571492433548
0.1428571492433548
0.1428571492433548
0.1428571492433548
0.1428571492433548
0.1428571492433548
0.1428571492433548
0.1428571492433548
0.1428571492433548
0.1428571492433548
0.1428571492433548
0.1428571492433548
0.1428571492433548
0.1428571492433548
0.1428571492433548
0.1428571492433548
0.1428571492433548
0.1587301641702652
0.1587301641702652
0.1587301641702652
0.1587301641702652
0.1587301641702652
0.1587301641702652
0.1587301641702652
0.1587301641702652
0.1587301641702652
0.1587301641702652
0.1587301641702652
0.1746031790971756
0.1746031790971756
0.1746031790971756
0.1746031790971756
0.1746031790971756
0.1746031790971756
0.1746031790971756
0.1746031790971756
0.1746031790971756
0.1746031790971756
0.1746031790971756
0.1746031790971756
0.1746031790971756
0.1746031790971756
0.1746031790971756
0.1746031790971756
0.1746031790971756
0.1746031790971756
0.1746031790971756
0.1746031790971756
0.1746031790971756
0.1746031790971756
0.1746031790971756
0.1746031790971756
0.1746031790971756
0.1746031790971756
0.1746031790971756
0.190476194024086
0.190476194024086
0.190476194024086
0.190476194024086
0.190476194024086
1.0
0.0
0.0
0.0
0.01587301678955555
0.01587301678955555
0.0317460335791111
0.0317460335791111
0.0317460335791111
0.0317460335791111
0.0317460335791111
0.0476190485060215
0.0476190485060215
0.0476190485060215
0.0634920671582222
0.0634920671582222
0.0634920671582222
0.0634920671582222
0.0634920671582222
0.0793650820851326
0.0793650820851326
0.0793650820851326
0.0793650820851326
0.095238097012043
0.095238097012043
0.095238097012043
0.095238097012043
0.095238097012043
0.095238097012043
0.095238097012043
0.095238097012043
0.095238097012043
0.095238097012043
0.095238097012043
0.1111111119389534
0.1111111119389534
0.1111111119389534
0.1111111119389534
0.1111111119389534
0.1111111119389534
0.1111111119389534
0.1111111119389534
0.1111111119389534
0.1111111119389534
0.1111111119389534
0.1111111119389534
0.1111111119389534
0.1111111119389534
0.1111111119389534
0.1111111119389534
0.1111111119389534
0.1269841343164444
0.1269841343164444
0.1269841343164444
0.1269841343164444
0.1428571492433548
0.1428571492433548
0.1428571492433548
0.1587301641702652
0.1587301641702652
0.1587301641702652
0.1587301641702652
0.1587301641702652
0.1587301641702652
0.1587301641702652
0.1587301641702652
0.1587301641702652
0.1587301641702652
0.1587301641702652
0.1587301641702652
0.1587301641702652
0.1587301641702652
0.1587301641702652
0.1587301641702652
0.1746031790971756
0.1746031790971756
0.190476194024086
0.190476194024086
0.2063492089509964
0.2222222238779068
0.2380952388048172
0.2380952388048172
0.2380952388048172
0.2539682686328888
0.2539682686328888
0.2539682686328888
0.2698412835597992
0.2857142984867096
0.2857142984867096
0.2857142984867096
0.2857142984867096
0.2857142984867096
0.2857142984867096
0.2857142984867096
0.2857142984867096
0.2857142984867096
0.2857142984867096
0.2857142984867096
0.2857142984867096
0.2857142984867096
0.2857142984867096
0.2857142984867096
0.2857142984867096
0.2857142984867096
0.2857142984867096
0.30158731341362
0.30158731341362
0.30158731341362
0.30158731341362
0.30158731341362
0.30158731341362
0.3174603283405304
0.3174603283405304
0.3174603283405304
0.3174603283405304
0.3174603283405304
0.3333333432674408
0.3333333432674408
0.3333333432674408
0.3333333432674408
0.3333333432674408
0.3492063581943512
0.3492063581943512
0.3492063581943512
0.3650793731212616
0.380952388048172
0.380952388048172
0.3968254029750824
0.3968254029750824
0.3968254029750824
0.3968254029750824
0.3968254029750824
0.3968254029750824
0.3968254029750824
0.3968254029750824
0.3968254029750824
0.3968254029750824
0.3968254029750824
0.3968254029750824
0.3968254029750824
0.3968254029750824
0.4126984179019928
0.4126984179019928
0.4126984179019928
0.4126984179019928
0.4126984179019928
0.4126984179019928
0.4126984179019928
0.4126984179019928
0.4285714328289032
0.4285714328289032
0.4285714328289032
0.4285714328289032
0.4285714328289032
0.4285714328289032
0.4285714328289032
0.4285714328289032
0.4444444477558136
0.4444444477558136
0.460317462682724
0.460317462682724
0.4761904776096344
0.4761904776096344
0.4920634925365448
0.4920634925365448
0.4920634925365448
0.4920634925365448
0.4920634925365448
0.4920634925365448
0.4920634925365448
0.4920634925365448
0.5079365372657776
0.5079365372657776
0.5079365372657776
0.5079365372657776
0.5079365372657776
0.5079365372657776
0.5079365372657776
0.5079365372657776
0.5079365372657776
0.5079365372657776
0.5079365372657776
0.5079365372657776
0.5079365372657776
0.5079365372657776
0.523809552192688
0.523809552192688
1.0
0.0
0.0045045046135783195
0.009009009227156639
0.013513513840734959
0.018018018454313278
0.022522522136569023
0.027027027681469917
0.03153153136372566
0.036036036908626556
0.04054053872823715
0.045045044273138046
0.04954954981803894
0.054054055362939835
0.05855855718255043
0.06306306272745132
0.06756756454706192
0.07207207381725311
0.07657657563686371
0.0810810774564743
0.0855855867266655
0.09009008854627609
0.09459459781646729
0.09909909963607788
0.10360360145568848
0.10810811072587967
0.11261261254549026
0.11711711436510086
0.12162162363529205
0.12612612545490265
0.13063062727451324
0.13513512909412384
0.13963964581489563
0.14414414763450623
0.14864864945411682
0.15315315127372742
0.157657653093338
0.1621621549129486
0.1666666716337204
0.171171173453331
0.1756756752729416
0.18018017709255219
0.18468467891216278
0.18918919563293457
0.19369369745254517
0.19819819927215576
0.20270270109176636
0.20720720291137695
0.21171170473098755
0.21171170473098755
0.21621622145175934
0.21621622145175934
0.22072072327136993
0.22522522509098053
0.22972972691059113
0.23423422873020172
0.2387387454509735
0.2432432472705841
0.2477477490901947
0.2522522509098053
0.2567567527294159
0.2612612545490265
0.2657657563686371
0.2702702581882477
0.2747747600078583
0.27927929162979126
0.28378379344940186
0.28828829526901245
0.29279279708862305
0.29729729890823364
0.30180180072784424
0.30630630254745483
0.31081080436706543
0.315315306186676
0.3198198080062866
0.3243243098258972
0.3288288414478302
0.3333333432674408
0.3378378450870514
0.342342346906662
0.3468468487262726
0.3513513505458832
0.3558558523654938
0.36036035418510437
0.36486485600471497
0.36936935782432556
0.37387385964393616
0.37837839126586914
0.38288289308547974
0.38738739490509033
0.3918918967247009
0.3963963985443115
0.4009009003639221
0.4054054021835327
0.4099099040031433
0.4144144058227539
0.4189189076423645
0.4234234094619751
0.4279279410839081
0.4324324429035187
0.4369369447231293
0.44144144654273987
0.44594594836235046
0.45045045018196106
0.45495495200157166
0.45945945382118225
0.46396395564079285
0.46846845746040344
0.47297295928001404
0.477477490901947
0.4819819927215576
0.4864864945411682
0.4909909963607788
0.4954954981803894
0.5
0.5045045018196106
0.5090090036392212
0.5090090036392212
0.5135135054588318
0.5180180072784424
0.522522509098053
0.5270270109176636
0.5315315127372742
0.5360360145568848
0.5405405163764954
0.545045018196106
0.5495495200157166
0.5540540814399719
0.5585585832595825
0.5630630850791931
0.5675675868988037
0.5720720887184143
0.5765765905380249
0.5810810923576355
0.5855855941772461
0.5900900959968567
0.5945945978164673
0.5990990996360779
0.6036036014556885
0.6081081032752991
0.6081081032752991
0.6126126050949097
0.6171171069145203
0.6216216087341309
0.6261261105537415
0.630630612373352
0.6351351141929626
0.6396396160125732
0.6441441178321838
0.6486486196517944
0.6531531810760498
0.6531531810760498
0.6576576828956604
0.662162184715271
0.662162184715271
0.6666666865348816
0.6666666865348816
0.6711711883544922
0.6756756901741028
0.6801801919937134
0.684684693813324
0.6891891956329346
0.6891891956329346
0.6936936974525452
0.6936936974525452
0.6981981992721558
0.7027027010917664
0.707207202911377
0.7117117047309875
0.7162162065505981
0.7162162065505981
0.7207207083702087
0.7252252101898193
0.7252252101898193
0.7297297120094299
0.7342342138290405
0.7387387156486511
0.7432432174682617
0.7477477192878723
0.7522522807121277
0.7567567825317383
0.7612612843513489
0.7657657861709595
0.7702702879905701
0.7747747898101807
0.7792792916297913
0.7792792916297913
0.7837837934494019
0.7837837934494019
0.7882882952690125
0.792792797088623
0.7972972989082336
0.8018018007278442
0.8018018007278442
0.8063063025474548
0.8108108043670654
0.815315306186676
0.8198198080062866
0.8243243098258972
0.8243243098258972
0.8243243098258972
0.8288288116455078
0.8333333134651184
0.8333333134651184
0.8333333134651184
0.837837815284729
0.8423423171043396
0.8468468189239502
0.8468468189239502
0.8513513803482056
0.8513513803482056
0.8558558821678162
0.8558558821678162
0.8558558821678162
0.8558558821678162
0.8558558821678162
0.8558558821678162
0.8603603839874268
0.8648648858070374
0.869369387626648
0.869369387626648
0.869369387626648
0.869369387626648
0.869369387626648
0.8738738894462585
0.8783783912658691
0.8828828930854797
0.8873873949050903
0.8918918967247009
0.8918918967247009
0.8963963985443115
0.9009009003639221
0.9054054021835327
0.9054054021835327
0.9054054021835327
0.9054054021835327
0.9054054021835327
0.9054054021835327
0.9054054021835327
0.9054054021835327
0.9099099040031433
0.9099099040031433
0.9144144058227539
0.9144144058227539
0.9189189076423645
0.9234234094619751
0.9234234094619751
0.9234234094619751
0.9279279112815857
0.9324324131011963
0.9324324131011963
0.9369369149208069
0.9369369149208069
0.9414414167404175
0.9414414167404175
0.9414414167404175
0.9414414167404175
0.9414414167404175
0.9414414167404175
0.9414414167404175
0.9414414167404175
0.9414414167404175
0.9414414167404175
0.9414414167404175
0.9414414167404175
0.9414414167404175
0.9414414167404175
0.9414414167404175
0.9414414167404175
0.9414414167404175
0.9414414167404175
0.9414414167404175
0.9459459185600281
0.9459459185600281
0.9459459185600281
0.9459459185600281
0.9504504799842834
0.9504504799842834
1.0
0.0
0.017241379246115685
0.03448275849223137
0.0517241396009922
0.06896551698446274
0.08620689809322357
0.1034482792019844
0.12068965286016464
0.13793103396892548
0.1551724076271057
0.17241379618644714
0.18965516984462738
0.2068965584039688
0.2068965584039688
0.2068965584039688
0.22413793206214905
0.24137930572032928
0.2586206793785095
0.27586206793785095
0.2931034564971924
0.3103448152542114
0.32758620381355286
0.3448275923728943
0.36206895112991333
0.37931033968925476
0.3965517282485962
0.4137931168079376
0.43103447556495667
0.4482758641242981
0.4655172526836395
0.48275861144065857
0.48275861144065857
0.5
0.517241358757019
0.5344827771186829
0.5517241358757019
0.568965494632721
0.5862069129943848
0.6034482717514038
0.6206896305084229
0.6379310488700867
0.6551724076271057
0.6724137663841248
0.6896551847457886
0.7068965435028076
0.7241379022598267
0.7413793206214905
0.7586206793785095
0.7758620977401733
0.7931034564971924
0.7931034564971924
0.8103448152542114
0.8103448152542114
0.8103448152542114
0.8275862336158752
0.8275862336158752
0.8448275923728943
0.8448275923728943
0.8620689511299133
0.8793103694915771
0.8965517282485962
0.8965517282485962
0.8965517282485962
0.8965517282485962
0.8965517282485962
1.0
0.0
0.017241379246115685
0.03448275849223137
0.0517241396009922
0.06896551698446274
0.08620689809322357
0.1034482792019844
0.12068965286016464
0.13793103396892548
0.1551724076271057
0.17241379618644714
0.18965516984462738
0.2068965584039688
0.22413793206214905
0.24137930572032928
0.2586206793785095
0.27586206793785095
0.2931034564971924
0.3103448152542114
0.32758620381355286
0.3448275923728943
0.36206895112991333
0.37931033968925476
0.3965517282485962
0.4137931168079376
0.43103447556495667
0.4482758641242981
0.4655172526836395
0.48275861144065857
0.5
0.517241358757019
0.5344827771186829
0.5517241358757019
0.568965494632721
0.568965494632721
0.568965494632721
0.5862069129943848
0.6034482717514038
0.6206896305084229
0.6379310488700867
0.6551724076271057
0.6724137663841248
0.6896551847457886
0.7068965435028076
0.7241379022598267
0.7413793206214905
0.7586206793785095
0.7586206793785095
0.7586206793785095
0.7758620977401733
0.7931034564971924
0.7931034564971924
0.8103448152542114
0.8103448152542114
0.8103448152542114
0.8275862336158752
0.8448275923728943
0.8448275923728943
0.8620689511299133
0.8620689511299133
0.8793103694915771
0.8793103694915771
0.8793103694915771
0.8793103694915771
0.8793103694915771
0.8793103694915771
0.8793103694915771
1.0
0.0
0.017241379246115685
0.03448275849223137
0.0517241396009922
0.06896551698446274
0.08620689809322357
0.1034482792019844
0.12068965286016464
0.13793103396892548
0.1551724076271057
0.17241379618644714
0.18965516984462738
0.2068965584039688
0.2068965584039688
0.2068965584039688
0.22413793206214905
0.24137930572032928
0.2586206793785095
0.27586206793785095
0.2931034564971924
0.3103448152542114
0.32758620381355286
0.3448275923728943
0.36206895112991333
0.37931033968925476
0.3965517282485962
0.4137931168079376
0.43103447556495667
0.4482758641242981
0.4655172526836395
0.48275861144065857
0.48275861144065857
0.5
0.517241358757019
0.5344827771186829
0.5517241358757019
0.568965494632721
0.5862069129943848
0.6034482717514038
0.6206896305084229
0.6379310488700867
0.6551724076271057
0.6724137663841248
0.6896551847457886
0.7068965435028076
0.7241379022598267
0.7413793206214905
0.7586206793785095
0.7758620977401733
0.7931034564971924
0.7931034564971924
0.8103448152542114
0.8103448152542114
0.8103448152542114
0.8275862336158752
0.8275862336158752
0.8448275923728943
0.8448275923728943
0.8620689511299133
0.8793103694915771
0.8965517282485962
0.8965517282485962
0.8965517282485962
0.8965517282485962
0.8965517282485962
1.0
0.0
0.017241379246115685
0.03448275849223137
0.0517241396009922
0.06896551698446274
0.08620689809322357
0.1034482792019844
0.12068965286016464
0.13793103396892548
0.1551724076271057
0.17241379618644714
0.18965516984462738
0.2068965584039688
0.22413793206214905
0.24137930572032928
0.2586206793785095
0.27586206793785095
0.2931034564971924
0.3103448152542114
0.32758620381355286
0.3448275923728943
0.36206895112991333
0.37931033968925476
0.3965517282485962
0.4137931168079376
0.43103447556495667
0.4482758641242981
0.4655172526836395
0.48275861144065857
0.5
0.517241358757019
0.5344827771186829
0.5517241358757019
0.568965494632721
0.568965494632721
0.568965494632721
0.5862069129943848
0.6034482717514038
0.6206896305084229
0.6379310488700867
0.6551724076271057
0.6724137663841248
0.6896551847457886
0.7068965435028076
0.7241379022598267
0.7413793206214905
0.7586206793785095
0.7586206793785095
0.7586206793785095
0.7758620977401733
0.7931034564971924
0.7931034564971924
0.8103448152542114
0.8103448152542114
0.8103448152542114
0.8275862336158752
0.8448275923728943
0.8448275923728943
0.8620689511299133
0.8620689511299133
0.8793103694915771
0.8793103694915771
0.8793103694915771
0.8793103694915771
0.8793103694915771
0.8793103694915771
0.8793103694915771
1.0
0.0
0.017241379246115685
0.03448275849223137
0.0517241396009922
0.06896551698446274
0.08620689809322357
0.1034482792019844
0.12068965286016464
0.13793103396892548
0.1551724076271057
0.17241379618644714
0.18965516984462738
0.2068965584039688
0.2068965584039688
0.2068965584039688
0.22413793206214905
0.24137930572032928
0.2586206793785095
0.27586206793785095
0.2931034564971924
0.3103448152542114
0.32758620381355286
0.3448275923728943
0.36206895112991333
0.37931033968925476
0.3965517282485962
0.4137931168079376
0.43103447556495667
0.4482758641242981
0.4655172526836395
0.48275861144065857
0.48275861144065857
0.5
0.517241358757019
0.5344827771186829
0.5517241358757019
0.568965494632721
0.5862069129943848
0.6034482717514038
0.6206896305084229
0.6379310488700867
0.6551724076271057
0.6724137663841248
0.6896551847457886
0.7068965435028076
0.7241379022598267
0.7413793206214905
0.7586206793785095
0.7758620977401733
0.7931034564971924
0.7931034564971924
0.8103448152542114
0.8103448152542114
0.8103448152542114
0.8275862336158752
0.8275862336158752
0.8448275923728943
0.8448275923728943
0.8620689511299133
0.8793103694915771
0.8965517282485962
0.8965517282485962
0.8965517282485962
0.8965517282485962
0.8965517282485962
1.0
0.0
0.017241379246115685
0.03448275849223137
0.0517241396009922
0.06896551698446274
0.08620689809322357
0.1034482792019844
0.12068965286016464
0.13793103396892548
0.1551724076271057
0.17241379618644714
0.18965516984462738
0.2068965584039688
0.22413793206214905
0.24137930572032928
0.2586206793785095
0.27586206793785095
0.2931034564971924
0.3103448152542114
0.32758620381355286
0.3448275923728943
0.36206895112991333
0.37931033968925476
0.3965517282485962
0.4137931168079376
0.43103447556495667
0.4482758641242981
0.4655172526836395
0.48275861144065857
0.5
0.517241358757019
0.5344827771186829
0.5517241358757019
0.568965494632721
0.568965494632721
0.568965494632721
0.5862069129943848
0.6034482717514038
0.6206896305084229
0.6379310488700867
0.6551724076271057
0.6724137663841248
0.6896551847457886
0.7068965435028076
0.7241379022598267
0.7413793206214905
0.7586206793785095
0.7586206793785095
0.7586206793785095
0.7758620977401733
0.7931034564971924
0.7931034564971924
0.8103448152542114
0.8103448152542114
0.8103448152542114
0.8275862336158752
0.8448275923728943
0.8448275923728943
0.8620689511299133
0.8620689511299133
0.8793103694915771
0.8793103694915771
0.8793103694915771
0.8793103694915771
0.8793103694915771
0.8793103694915771
0.8793103694915771
1.0
0.0
0.017241379246115685
0.03448275849223137
0.0517241396009922
0.06896551698446274
0.08620689809322357
0.1034482792019844
0.12068965286016464
0.13793103396892548
0.1551724076271057
0.17241379618644714
0.18965516984462738
0.2068965584039688
0.2068965584039688
0.2068965584039688
0.22413793206214905
0.24137930572032928
0.2586206793785095
0.27586206793785095
0.2931034564971924
0.3103448152542114
0.32758620381355286
0.3448275923728943
0.36206895112991333
0.37931033968925476
0.3965517282485962
0.4137931168079376
0.43103447556495667
0.4482758641242981
0.4655172526836395
0.48275861144065857
0.48275861144065857
0.5
0.517241358757019
0.5344827771186829
0.5517241358757019
0.568965494632721
0.5862069129943848
0.6034482717514038
0.6206896305084229
0.6379310488700867
0.6551724076271057
0.6724137663841248
0.6896551847457886
0.7068965435028076
0.7241379022598267
0.7413793206214905
0.7586206793785095
0.7758620977401733
0.7931034564971924
0.7931034564971924
0.8103448152542114
0.8103448152542114
0.8103448152542114
0.8275862336158752
0.8275862336158752
0.8448275923728943
0.8448275923728943
0.8620689511299133
0.8793103694915771
0.8965517282485962
0.8965517282485962
0.8965517282485962
0.8965517282485962
0.8965517282485962
1.0
0.0
0.017241379246115685
0.03448275849223137
0.0517241396009922
0.06896551698446274
0.08620689809322357
0.1034482792019844
0.12068965286016464
0.13793103396892548
0.1551724076271057
0.17241379618644714
0.18965516984462738
0.2068965584039688
0.22413793206214905
0.24137930572032928
0.2586206793785095
0.27586206793785095
0.2931034564971924
0.3103448152542114
0.32758620381355286
0.3448275923728943
0.36206895112991333
0.37931033968925476
0.3965517282485962
0.4137931168079376
0.43103447556495667
0.4482758641242981
0.4655172526836395
0.48275861144065857
0.5
0.517241358757019
0.5344827771186829
0.5517241358757019
0.568965494632721
0.568965494632721
0.568965494632721
0.5862069129943848
0.6034482717514038
0.6206896305084229
0.6379310488700867
0.6551724076271057
0.6724137663841248
0.6896551847457886
0.7068965435028076
0.7241379022598267
0.7413793206214905
0.7586206793785095
0.7586206793785095
0.7586206793785095
0.7758620977401733
0.7931034564971924
0.7931034564971924
0.8103448152542114
0.8103448152542114
0.8103448152542114
0.8275862336158752
0.8448275923728943
0.8448275923728943
0.8620689511299133
0.8620689511299133
0.8793103694915771
0.8793103694915771
0.8793103694915771
0.8793103694915771
0.8793103694915771
0.8793103694915771
0.8793103694915771
1.0
